{
  "camera_angle_x": 0.8203047484373349,
  "camera_angle_y": 1.0936384941593256,
  "f1_x": 1149.9212736181285,
  "f1_y": 1149.9212736181285,
  "w": 1000,
  "h": 1400,
  "aabb_scale": 4,
  "k1": 0,
  "k2": 0,
  "p1": 0,
  "p2": 0,
  "cx": 500.0,
  "cy": 700.0,
  "frames": [
    {
      "file_path": "./000.exr",
      "transform_matrix": [
        [
          -0.999237596988678,
          -0.00011098550749011338,
          0.03904039040207863,
          0.06575137376785278
        ],
        [
          -4.404305913030537e-12,
          0.9999959468841553,
          0.0028428263030946255,
          0.5426800847053528
        ],
        [
          -0.03904055058956146,
          0.002840659348294139,
          -0.999233603477478,
          -2.1718907356262207
        ],
        [
          0.0,
          0.0,
          0.0,
          1.0
        ]
      ]
    },
    {
      "file_path": "./001.exr",
      "transform_matrix": [
        [
          -0.6734570264816284,
          -0.3151390552520752,
          0.6686875224113464,
          1.126196026802063
        ],
        [
          -1.5670824637936676e-08,
          0.9045774340629578,
          0.4263092875480652,
          1.2558773756027222
        ],
        [
          -0.7392264008522034,
          0.28710097074508667,
          -0.6091940402984619,
          -1.5149904489517212
        ],
        [
          0.0,
          0.0,
          0.0,
          1.0
        ]
      ]
    },
    {
      "file_path": "./002.exr",
      "transform_matrix": [
        [
          0.02472948469221592,
          0.00987063068896532,
          0.9996454119682312,
          1.6835912466049194
        ],
        [
          1.3790878161668019e-12,
          0.9999512434005737,
          -0.009873650036752224,
          0.5212631225585938
        ],
        [
          -0.9996941685676575,
          0.0002441702818032354,
          0.024728279560804367,
          -0.4473458230495453
        ],
        [
          0.0,
          0.0,
          0.0,
          1.0
        ]
      ]
    },
    {
      "file_path": "./003.exr",
      "transform_matrix": [
        [
          -0.6801332235336304,
          -0.6768394708633423,
          0.2816151976585388,
          0.474293053150177
        ],
        [
          -5.522974078076004e-09,
          0.3841489851474762,
          0.923271119594574,
          2.0928547382354736
        ],
        [
          -0.733088493347168,
          0.6279473304748535,
          -0.26127246022224426,
          -0.9290249943733215
        ],
        [
          0.0,
          0.0,
          0.0,
          1.0
        ]
      ]
    },
    {
      "file_path": "./004.exr",
      "transform_matrix": [
        [
          -0.6778011322021484,
          -0.004014283884316683,
          -0.7352343201637268,
          -1.2382732629776
        ],
        [
          6.494962900838175e-11,
          0.9999850988388062,
          -0.005459788721054792,
          0.5286968946456909
        ],
        [
          0.7352452874183655,
          -0.0037006509955972433,
          -0.6777909994125366,
          -1.6305208206176758
        ],
        [
          0.0,
          0.0,
          0.0,
          1.0
        ]
      ]
    },
    {
      "file_path": "./005.exr",
      "transform_matrix": [
        [
          0.13156966865062714,
          0.0058215162716805935,
          0.9912897944450378,
          1.6695188283920288
        ],
        [
          2.0655768762090077e-12,
          0.9999827146530151,
          -0.005872566718608141,
          0.5280017256736755
        ],
        [
          -0.9913069605827332,
          0.0007726516923867166,
          0.13156740367412567,
          -0.2674086391925812
        ],
        [
          0.0,
          0.0,
          0.0,
          1.0
        ]
      ]
    },
    {
      "file_path": "./006.exr",
      "transform_matrix": [
        [
          0.9033915996551514,
          0.004095853306353092,
          0.4287969470024109,
          0.722174882888794
        ],
        [
          -2.6013693976700836e-10,
          0.999954342842102,
          -0.00955152977257967,
          0.5218055844306946
        ],
        [
          -0.4288164973258972,
          0.008628771640360355,
          0.9033504128456116,
          1.0324194431304932
        ],
        [
          0.0,
          0.0,
          0.0,
          1.0
        ]
      ]
    },
    {
      "file_path": "./007.exr",
      "transform_matrix": [
        [
          -0.3021499812602997,
          -0.004454514943063259,
          -0.953249990940094,
          -1.6054526567459106
        ],
        [
          -5.768874267175761e-11,
          0.9999890923500061,
          -0.004672924987971783,
          0.530022144317627
        ],
        [
          0.9532603621482849,
          -0.0014119241386651993,
          -0.30214664340019226,
          -0.9978649020195007
        ],
        [
          0.0,
          0.0,
          0.0,
          1.0
        ]
      ]
    },
    {
      "file_path": "./008.exr",
      "transform_matrix": [
        [
          -0.7932187914848328,
          -0.008327082730829716,
          -0.6088797450065613,
          -1.0254682302474976
        ],
        [
          1.5544970866088192e-10,
          0.9999065399169922,
          -0.01367479283362627,
          0.5148612856864929
        ],
        [
          0.6089366674423218,
          -0.010847102850675583,
          -0.793144702911377,
          -1.8247981071472168
        ],
        [
          0.0,
          0.0,
          0.0,
          1.0
        ]
      ]
    },
    {
      "file_path": "./009.exr",
      "transform_matrix": [
        [
          -0.9167690873146057,
          -0.002584755653515458,
          -0.3994091749191284,
          -0.6726803183555603
        ],
        [
          7.208141028502979e-11,
          0.9999790191650391,
          -0.00647131260484457,
          0.5269932746887207
        ],
        [
          0.39941757917404175,
          -0.0059326994232833385,
          -0.9167499542236328,
          -2.032972574234009
        ],
        [
          0.0,
          0.0,
          0.0,
          1.0
        ]
      ]
    },
    {
      "file_path": "./010.exr",
      "transform_matrix": [
        [
          0.9505508542060852,
          -0.0058021871373057365,
          -0.3105146288871765,
          -0.5229652523994446
        ],
        [
          -2.406172483482294e-10,
          0.9998254776000977,
          -0.01868245378136635,
          0.5064274668693542
        ],
        [
          0.31056883931159973,
          0.017758620902895927,
          0.9503850340843201,
          1.1116344928741455
        ],
        [
          0.0,
          0.0,
          0.0,
          1.0
        ]
      ]
    },
    {
      "file_path": "./011.exr",
      "transform_matrix": [
        [
          -0.8239569664001465,
          0.08306565135717392,
          -0.5605310201644897,
          -0.9440399408340454
        ],
        [
          2.0780013265664365e-09,
          0.989197313785553,
          0.14659012854099274,
          0.7847776412963867
        ],
        [
          0.5666523575782776,
          0.12078395485877991,
          -0.8150559663772583,
          -1.8617008924484253
        ],
        [
          0.0,
          0.0,
          0.0,
          1.0
        ]
      ]
    },
    {
      "file_path": "./012.exr",
      "transform_matrix": [
        [
          -0.37936821579933167,
          0.6530343294143677,
          -0.6554585695266724,
          -1.103915810585022
        ],
        [
          8.33299296232326e-09,
          0.7084156274795532,
          0.7057955265045166,
          1.7265849113464355
        ],
        [
          0.9252458214759827,
          0.2677564024925232,
          -0.2687503695487976,
          -0.9416191577911377
        ],
        [
          0.0,
          0.0,
          0.0,
          1.0
        ]
      ]
    },
    {
      "file_path": "./013.exr",
      "transform_matrix": [
        [
          0.24968969821929932,
          0.02026040479540825,
          -0.9681139588356018,
          -1.6304863691329956
        ],
        [
          -2.583783187404265e-10,
          0.9997811317443848,
          0.020923124626278877,
          0.5731306672096252
        ],
        [
          0.9683259129524231,
          -0.005224288906902075,
          0.24963504076004028,
          -0.06856049597263336
        ],
        [
          0.0,
          0.0,
          0.0,
          1.0
        ]
      ]
    },
    {
      "file_path": "./014.exr",
      "transform_matrix": [
        [
          -0.9995772838592529,
          0.00011819572682725266,
          0.02907269261777401,
          0.04896388575434685
        ],
        [
          9.593222050074957e-12,
          0.999991774559021,
          -0.004065489862114191,
          0.5310452580451965
        ],
        [
          -0.02907293289899826,
          -0.0040637715719640255,
          -0.9995689988136292,
          -2.1724555492401123
        ],
        [
          0.0,
          0.0,
          0.0,
          1.0
        ]
      ]
    },
    {
      "file_path": "./015.exr",
      "transform_matrix": [
        [
          -0.29472193121910095,
          -0.004102872684597969,
          -0.9555742144584656,
          -1.6093671321868896
        ],
        [
          1.8207241270218333e-11,
          0.9999908208847046,
          -0.004293580539524555,
          0.5306609869003296
        ],
        [
          0.9555830955505371,
          -0.0012654124293476343,
          -0.29471921920776367,
          -0.9853554964065552
        ],
        [
          0.0,
          0.0,
          0.0,
          1.0
        ]
      ]
    },
    {
      "file_path": "./016.exr",
      "transform_matrix": [
        [
          0.18957506120204926,
          0.8781899213790894,
          -0.43913978338241577,
          -0.7395942807197571
        ],
        [
          2.088025752300382e-09,
          0.4472501277923584,
          0.8944088816642761,
          2.044245481491089
        ],
        [
          0.9818662405014038,
          -0.1695576310157776,
          0.08478746563196182,
          -0.346194863319397
        ],
        [
          0.0,
          0.0,
          0.0,
          1.0
        ]
      ]
    },
    {
      "file_path": "./017.exr",
      "transform_matrix": [
        [
          0.26121318340301514,
          0.6185595393180847,
          -0.7410477995872498,
          -1.2480640411376953
        ],
        [
          -1.0998970623177229e-08,
          0.7677014470100403,
          0.6408076286315918,
          1.6171327829360962
        ],
        [
          0.9652811288833618,
          -0.16738739609718323,
          0.20053376257419586,
          -0.15125629305839539
        ],
        [
          0.0,
          0.0,
          0.0,
          1.0
        ]
      ]
    },
    {
      "file_path": "./018.exr",
      "transform_matrix": [
        [
          -0.8323856592178345,
          0.005206294357776642,
          0.5541723966598511,
          0.9333307147026062
        ],
        [
          4.0773390219683847e-10,
          0.9999558329582214,
          -0.009394305758178234,
          0.5220704078674316
        ],
        [
          -0.5541967749595642,
          -0.007819685153663158,
          -0.8323489427566528,
          -1.8908252716064453
        ],
        [
          0.0,
          0.0,
          0.0,
          1.0
        ]
      ]
    },
    {
      "file_path": "./019.exr",
      "transform_matrix": [
        [
          0.5748952627182007,
          0.002960868878290057,
          0.8182216286659241,
          1.3780394792556763
        ],
        [
          -1.2626399058246474e-11,
          0.9999934434890747,
          -0.003618640126660466,
          0.5317977666854858
        ],
        [
          -0.8182270526885986,
          0.0020803390070796013,
          0.5748915076255798,
          0.47923266887664795
        ],
        [
          0.0,
          0.0,
          0.0,
          1.0
        ]
      ]
    },
    {
      "file_path": "./020.exr",
      "transform_matrix": [
        [
          -0.04349871352314949,
          0.000376829324522987,
          -0.999053418636322,
          -1.6825944185256958
        ],
        [
          -6.054920020232002e-13,
          0.9999999403953552,
          0.00037718634121119976,
          0.5385274887084961
        ],
        [
          0.9990534782409668,
          1.6407120710937306e-05,
          -0.04349870979785919,
          -0.5622529983520508
        ],
        [
          0.0,
          0.0,
          0.0,
          1.0
        ]
      ]
    },
    {
      "file_path": "./021.exr",
      "transform_matrix": [
        [
          0.3351212441921234,
          -0.40868985652923584,
          0.8489207029342651,
          1.4297423362731934
        ],
        [
          -1.0557018370604965e-08,
          0.9010223150253296,
          0.4337727427482605,
          1.2684471607208252
        ],
        [
          -0.9421749711036682,
          -0.14536646008491516,
          0.30195170640945435,
          0.01955064944922924
        ],
        [
          0.0,
          0.0,
          0.0,
          1.0
        ]
      ]
    },
    {
      "file_path": "./022.exr",
      "transform_matrix": [
        [
          -0.7403249144554138,
          -0.17002041637897491,
          0.6503937840461731,
          1.0953857898712158
        ],
        [
          -3.2898432866801386e-09,
          0.9674891233444214,
          0.2529127895832062,
          0.9638450145721436
        ],
        [
          -0.6722492575645447,
          0.18723762035369873,
          -0.716256320476532,
          -1.6953035593032837
        ],
        [
          0.0,
          0.0,
          0.0,
          1.0
        ]
      ]
    },
    {
      "file_path": "./023.exr",
      "transform_matrix": [
        [
          0.6461769938468933,
          -0.01358725968748331,
          -0.7630666494369507,
          -1.285148024559021
        ],
        [
          2.0850154935914134e-11,
          0.9998415112495422,
          -0.01780330203473568,
          0.5079081058502197
        ],
        [
          0.7631875872612,
          0.011504084803164005,
          0.6460745930671692,
          0.5991184711456299
        ],
        [
          0.0,
          0.0,
          0.0,
          1.0
        ]
      ]
    },
    {
      "file_path": "./024.exr",
      "transform_matrix": [
        [
          -0.4712592661380768,
          0.01723663881421089,
          0.8818263411521912,
          1.4851617813110352
        ],
        [
          3.8497094401179766e-10,
          0.9998090267181396,
          -0.019542790949344635,
          0.5049784779548645
        ],
        [
          -0.8819947838783264,
          -0.009209721349179745,
          -0.47116926312446594,
          -1.282530665397644
        ],
        [
          0.0,
          0.0,
          0.0,
          1.0
        ]
      ]
    },
    {
      "file_path": "./025.exr",
      "transform_matrix": [
        [
          -0.9934482574462891,
          0.0005857084761373699,
          0.11428128927946091,
          0.1924712210893631
        ],
        [
          6.649136102820918e-12,
          0.9999868273735046,
          -0.005125080235302448,
          0.5292606949806213
        ],
        [
          -0.11428278684616089,
          -0.005091502331197262,
          -0.9934352040290833,
          -2.1621251106262207
        ],
        [
          0.0,
          0.0,
          0.0,
          1.0
        ]
      ]
    },
    {
      "file_path": "./026.exr",
      "transform_matrix": [
        [
          -0.018956340849399567,
          0.196481391787529,
          -0.9803243279457092,
          -1.6510508060455322
        ],
        [
          1.161528165316561e-10,
          0.9805005192756653,
          0.19651669263839722,
          0.8688632249832153
        ],
        [
          0.999820351600647,
          0.003725237213075161,
          -0.018586700782179832,
          -0.5202963948249817
        ],
        [
          0.0,
          0.0,
          0.0,
          1.0
        ]
      ]
    },
    {
      "file_path": "./027.exr",
      "transform_matrix": [
        [
          -0.7980096340179443,
          -0.002473818603903055,
          -0.6026396155357361,
          -1.0149587392807007
        ],
        [
          -3.3549760192208566e-11,
          0.9999915361404419,
          -0.004104936961084604,
          0.5309787392616272
        ],
        [
          0.602644681930542,
          -0.003275779541581869,
          -0.7980028986930847,
          -1.8329801559448242
        ],
        [
          0.0,
          0.0,
          0.0,
          1.0
        ]
      ]
    },
    {
      "file_path": "./028.exr",
      "transform_matrix": [
        [
          -0.9969663619995117,
          -0.0005548815825022757,
          -0.07783205807209015,
          -0.13108384609222412
        ],
        [
          3.352844044068881e-11,
          0.9999745488166809,
          -0.007129035424441099,
          0.5258855819702148
        ],
        [
          0.07783403247594833,
          -0.0071074082516133785,
          -0.9969410300254822,
          -2.168029308319092
        ],
        [
          0.0,
          0.0,
          0.0,
          1.0
        ]
      ]
    },
    {
      "file_path": "./029.exr",
      "transform_matrix": [
        [
          0.4948194921016693,
          0.005367765203118324,
          0.8689792156219482,
          1.4635246992111206
        ],
        [
          -2.851122116176441e-11,
          0.9999809265136719,
          -0.006176975555717945,
          0.5274890065193176
        ],
        [
          -0.8689957857131958,
          0.0030564875341951847,
          0.4948100447654724,
          0.3443604111671448
        ],
        [
          0.0,
          0.0,
          0.0,
          1.0
        ]
      ]
    },
    {
      "file_path": "./030.exr",
      "transform_matrix": [
        [
          -0.8962085247039795,
          -0.0341043621301651,
          0.44232022762298584,
          0.7449505925178528
        ],
        [
          -3.335116849356723e-09,
          0.9970406889915466,
          0.07687515020370483,
          0.6673644781112671
        ],
        [
          -0.4436330497264862,
          0.06889616698026657,
          -0.8935563564300537,
          -1.993910312652588
        ],
        [
          0.0,
          0.0,
          0.0,
          1.0
        ]
      ]
    },
    {
      "file_path": "./031.exr",
      "transform_matrix": [
        [
          -0.9992262125015259,
          0.0003649583668448031,
          0.039329662919044495,
          0.06623855978250504
        ],
        [
          -1.5490095317538533e-11,
          0.9999569058418274,
          -0.009279069490730762,
          0.5222645401954651
        ],
        [
          -0.039331357926130295,
          -0.009271889925003052,
          -0.9991832375526428,
          -2.1718058586120605
        ],
        [
          0.0,
          0.0,
          0.0,
          1.0
        ]
      ]
    },
    {
      "file_path": "./032.exr",
      "transform_matrix": [
        [
          -0.6971651911735535,
          0.47391220927238464,
          -0.5379292964935303,
          -0.905974268913269
        ],
        [
          -8.86559092805328e-09,
          0.7503437399864197,
          0.6610479354858398,
          1.651221513748169
        ],
        [
          0.7169105410575867,
          0.46085959672927856,
          -0.5231135487556458,
          -1.3700146675109863
        ],
        [
          0.0,
          0.0,
          0.0,
          1.0
        ]
      ]
    },
    {
      "file_path": "./033.exr",
      "transform_matrix": [
        [
          -0.9632558226585388,
          -0.003994965460151434,
          -0.2685558497905731,
          -0.452298641204834
        ],
        [
          2.1348972589763093e-10,
          0.9998893737792969,
          -0.014874089509248734,
          0.5128414630889893
        ],
        [
          0.26858556270599365,
          -0.01432755310088396,
          -0.9631493091583252,
          -2.1111178398132324
        ],
        [
          0.0,
          0.0,
          0.0,
          1.0
        ]
      ]
    },
    {
      "file_path": "./034.exr",
      "transform_matrix": [
        [
          -0.6059074997901917,
          -0.25999101996421814,
          0.7518515586853027,
          1.2662596702575684
        ],
        [
          7.906216126229992e-09,
          0.9450891017913818,
          0.326812744140625,
          1.0883065462112427
        ],
        [
          -0.7955350875854492,
          0.19801829755306244,
          -0.572636604309082,
          -1.453420877456665
        ],
        [
          0.0,
          0.0,
          0.0,
          1.0
        ]
      ]
    },
    {
      "file_path": "./035.exr",
      "transform_matrix": [
        [
          0.21247383952140808,
          -0.08272214978933334,
          0.9736590385437012,
          1.6398252248764038
        ],
        [
          -1.268984483465685e-12,
          0.9964103102684021,
          0.08465509116649628,
          0.6804673671722412
        ],
        [
          -0.9771667122840881,
          -0.017986994236707687,
          0.211711123585701,
          -0.1324315071105957
        ],
        [
          0.0,
          0.0,
          0.0,
          1.0
        ]
      ]
    },
    {
      "file_path": "./036.exr",
      "transform_matrix": [
        [
          -0.49401775002479553,
          -0.8056468963623047,
          0.3269243836402893,
          0.5506021976470947
        ],
        [
          1.129038196268084e-09,
          0.37601205706596375,
          0.9266147613525391,
          2.0984861850738525
        ],
        [
          -0.8694518208503723,
          0.4577641487121582,
          -0.1857566386461258,
          -0.8018420338630676
        ],
        [
          0.0,
          0.0,
          0.0,
          1.0
        ]
      ]
    },
    {
      "file_path": "./037.exr",
      "transform_matrix": [
        [
          -0.5983928442001343,
          0.0057151285000145435,
          0.8011824488639832,
          1.3493422269821167
        ],
        [
          -1.0273337736066424e-11,
          0.9999745488166809,
          -0.007133185863494873,
          0.5258786082267761
        ],
        [
          -0.8012028336524963,
          -0.004268447868525982,
          -0.5983776450157166,
          -1.4967737197875977
        ],
        [
          0.0,
          0.0,
          0.0,
          1.0
        ]
      ]
    },
    {
      "file_path": "./038.exr",
      "transform_matrix": [
        [
          0.8107101321220398,
          0.027506235986948013,
          0.584801197052002,
          0.9849154949188232
        ],
        [
          2.163561108048384e-09,
          0.9988956451416016,
          -0.04698324576020241,
          0.4587635099887848
        ],
        [
          -0.5854477882385254,
          0.03808979317545891,
          0.8098148107528687,
          0.8748878836631775
        ],
        [
          0.0,
          0.0,
          0.0,
          1.0
        ]
      ]
    },
    {
      "file_path": "./039.exr",
      "transform_matrix": [
        [
          -0.5096228122711182,
          0.6137316226959229,
          -0.6030075550079346,
          -1.0155783891677856
        ],
        [
          6.593196544280033e-10,
          0.7008472681045532,
          0.7133113741874695,
          1.7392430305480957
        ],
        [
          0.8603979349136353,
          0.36351972818374634,
          -0.3571677505970001,
          -1.0905307531356812
        ],
        [
          0.0,
          0.0,
          0.0,
          1.0
        ]
      ]
    },
    {
      "file_path": "./040.exr",
      "transform_matrix": [
        [
          0.992743730545044,
          -0.11243496090173721,
          0.04264197498559952,
          0.07181711494922638
        ],
        [
          2.492004824716787e-09,
          0.3546123206615448,
          0.935013473033905,
          2.11263108253479
        ],
        [
          -0.12024956196546555,
          -0.9282286763191223,
          0.3520391285419464,
          0.10390734672546387
        ],
        [
          0.0,
          0.0,
          0.0,
          1.0
        ]
      ]
    },
    {
      "file_path": "./041.exr",
      "transform_matrix": [
        [
          -0.8501874804496765,
          -0.4292728304862976,
          0.30480504035949707,
          0.5133490562438965
        ],
        [
          1.5534617148205143e-08,
          0.5789487957954407,
          0.815363883972168,
          1.9111186265945435
        ],
        [
          -0.5264800786972046,
          0.6932121515274048,
          -0.49221503734588623,
          -1.3179758787155151
        ],
        [
          0.0,
          0.0,
          0.0,
          1.0
        ]
      ]
    },
    {
      "file_path": "./042.exr",
      "transform_matrix": [
        [
          -0.45536988973617554,
          -0.0029268672224134207,
          -0.890297532081604,
          -1.4994287490844727
        ],
        [
          1.4820492055811485e-11,
          0.9999946355819702,
          -0.0032874979078769684,
          0.5323554873466492
        ],
        [
          0.890302300453186,
          -0.001497027580626309,
          -0.45536741614341736,
          -1.2559175491333008
        ],
        [
          0.0,
          0.0,
          0.0,
          1.0
        ]
      ]
    },
    {
      "file_path": "./043.exr",
      "transform_matrix": [
        [
          0.998603880405426,
          -0.04671695828437805,
          0.02465347945690155,
          0.0415211021900177
        ],
        [
          4.484039806129658e-10,
          0.46671873331069946,
          0.884405791759491,
          2.027398109436035
        ],
        [
          -0.052822988480329514,
          -0.8831710815429688,
          0.4660671353340149,
          0.2959519922733307
        ],
        [
          0.0,
          0.0,
          0.0,
          1.0
        ]
      ]
    },
    {
      "file_path": "./044.exr",
      "transform_matrix": [
        [
          0.8334389925003052,
          0.2993685007095337,
          -0.46449750661849976,
          -0.7823013663291931
        ],
        [
          2.847767022196024e-10,
          0.840549886226654,
          0.5417341589927673,
          1.4502745866775513
        ],
        [
          0.5526114702224731,
          -0.45150238275527954,
          0.7005470395088196,
          0.6908603310585022
        ],
        [
          0.0,
          0.0,
          0.0,
          1.0
        ]
      ]
    },
    {
      "file_path": "./045.exr",
      "transform_matrix": [
        [
          0.73664391040802,
          -0.3301326334476471,
          0.5902272462844849,
          0.9940539598464966
        ],
        [
          5.396589397577145e-09,
          0.8727546334266663,
          0.48815906047821045,
          1.3600441217422485
        ],
        [
          -0.6762807965278625,
          -0.35959941148757935,
          0.6429094076156616,
          0.593787670135498
        ],
        [
          0.0,
          0.0,
          0.0,
          1.0
        ]
      ]
    },
    {
      "file_path": "./046.exr",
      "transform_matrix": [
        [
          0.9208776950836182,
          0.031206799671053886,
          -0.38860058784484863,
          -0.6544766426086426
        ],
        [
          -2.1617552192765288e-10,
          0.9967910051345825,
          0.08004789054393768,
          0.6727079153060913
        ],
        [
          0.3898516297340393,
          -0.07371431589126587,
          0.9179226160049438,
          1.0569617748260498
        ],
        [
          0.0,
          0.0,
          0.0,
          1.0
        ]
      ]
    },
    {
      "file_path": "./047.exr",
      "transform_matrix": [
        [
          0.6678950190544128,
          -0.5080556869506836,
          0.5438709855079651,
          0.9159812927246094
        ],
        [
          -7.104234089894135e-09,
          0.7307584285736084,
          0.6826361417770386,
          1.6875802278518677
        ],
        [
          -0.7442554831504822,
          -0.4559292793273926,
          0.48806992173194885,
          0.333008736371994
        ],
        [
          0.0,
          0.0,
          0.0,
          1.0
        ]
      ]
    },
    {
      "file_path": "./048.exr",
      "transform_matrix": [
        [
          -0.16703934967517853,
          0.004974433220922947,
          0.9859377145767212,
          1.6605048179626465
        ],
        [
          4.6897302014015096e-11,
          0.9999873042106628,
          -0.005045318976044655,
          0.5293949246406555
        ],
        [
          -0.985950231552124,
          -0.0008427667198702693,
          -0.1670372188091278,
          -0.7703150510787964
        ],
        [
          0.0,
          0.0,
          0.0,
          1.0
        ]
      ]
    },
    {
      "file_path": "./049.exr",
      "transform_matrix": [
        [
          0.8427501916885376,
          -0.005790380761027336,
          -0.538273811340332,
          -0.9065545201301575
        ],
        [
          1.957206792468913e-11,
          0.9999421834945679,
          -0.010756691917777061,
          0.5197759866714478
        ],
        [
          0.5383049249649048,
          0.009065204299986362,
          0.8427014350891113,
          0.9302750825881958
        ],
        [
          0.0,
          0.0,
          0.0,
          1.0
        ]
      ]
    },
    {
      "file_path": "./050.exr",
      "transform_matrix": [
        [
          0.27114060521125793,
          0.008602631278336048,
          0.9625013470649719,
          1.6210336685180664
        ],
        [
          2.088536427136134e-10,
          0.9999600648880005,
          -0.008937429636716843,
          0.5228398442268372
        ],
        [
          -0.962539792060852,
          0.002423300174996257,
          0.2711297869682312,
          -0.03235931321978569
        ],
        [
          0.0,
          0.0,
          0.0,
          1.0
        ]
      ]
    },
    {
      "file_path": "./051.exr",
      "transform_matrix": [
        [
          0.628738522529602,
          0.4325352907180786,
          -0.6462206244468689,
          -1.0883574485778809
        ],
        [
          -1.7353913861484216e-08,
          0.831027090549469,
          0.5562319159507751,
          1.47469162940979
        ],
        [
          0.7776167392730713,
          -0.3497244417667389,
          0.5224987268447876,
          0.39099350571632385
        ],
        [
          0.0,
          0.0,
          0.0,
          1.0
        ]
      ]
    },
    {
      "file_path": "./052.exr",
      "transform_matrix": [
        [
          0.3199118673801422,
          0.4479635953903198,
          -0.8348563313484192,
          -1.4060554504394531
        ],
        [
          -3.2580891318190197e-09,
          0.8811638355255127,
          0.4728110730648041,
          1.3341951370239258
        ],
        [
          0.9474472999572754,
          -0.15125785768032074,
          0.2818947434425354,
          -0.014229018241167068
        ],
        [
          0.0,
          0.0,
          0.0,
          1.0
        ]
      ]
    },
    {
      "file_path": "./053.exr",
      "transform_matrix": [
        [
          -0.5499348044395447,
          0.8007295727729797,
          -0.23749499022960663,
          -0.3999863564968109
        ],
        [
          -1.0147803486404428e-08,
          0.28435441851615906,
          0.9587191939353943,
          2.1525559425354004
        ],
        [
          0.8352076411247253,
          0.5272330045700073,
          -0.15637639164924622,
          -0.7523602843284607
        ],
        [
          0.0,
          0.0,
          0.0,
          1.0
        ]
      ]
    },
    {
      "file_path": "./054.exr",
      "transform_matrix": [
        [
          0.8484771847724915,
          0.1610206812620163,
          -0.504141628742218,
          -0.8490695953369141
        ],
        [
          9.144939916438943e-09,
          0.952591061592102,
          0.304253488779068,
          1.0503123998641968
        ],
        [
          0.5292319655418396,
          -0.25815215706825256,
          0.8082517981529236,
          0.8722555041313171
        ],
        [
          0.0,
          0.0,
          0.0,
          1.0
        ]
      ]
    },
    {
      "file_path": "./055.exr",
      "transform_matrix": [
        [
          -0.8277561664581299,
          0.5345152616500854,
          -0.17062602937221527,
          -0.2873663902282715
        ],
        [
          2.826235245834141e-09,
          0.3040984869003296,
          0.9526405930519104,
          2.1423184871673584
        ],
        [
          0.5610880851745605,
          0.7885540723800659,
          -0.2517193853855133,
          -0.9129357933998108
        ],
        [
          0.0,
          0.0,
          0.0,
          1.0
        ]
      ]
    },
    {
      "file_path": "./056.exr",
      "transform_matrix": [
        [
          0.2354842722415924,
          0.010548469610512257,
          0.9718209505081177,
          1.6367294788360596
        ],
        [
          -1.9846252419242205e-10,
          0.9999411106109619,
          -0.01085369661450386,
          0.5196125507354736
        ],
        [
          -0.971878170967102,
          0.002555874641984701,
          0.23547039926052094,
          -0.09241639077663422
        ],
        [
          0.0,
          0.0,
          0.0,
          1.0
        ]
      ]
    },
    {
      "file_path": "./057.exr",
      "transform_matrix": [
        [
          -0.019936664029955864,
          0.4066339135169983,
          -0.913373589515686,
          -1.5382933616638184
        ],
        [
          -7.393480272455122e-11,
          0.9135552048683167,
          0.4067147374153137,
          1.2228765487670898
        ],
        [
          0.9998012781143188,
          0.008108534850180149,
          -0.018213242292404175,
          -0.5196674466133118
        ],
        [
          0.0,
          0.0,
          0.0,
          1.0
        ]
      ]
    },
    {
      "file_path": "./058.exr",
      "transform_matrix": [
        [
          0.5357184410095215,
          -0.023312287405133247,
          -0.8440747857093811,
          -1.4215809106826782
        ],
        [
          5.158817262262971e-10,
          0.9996188282966614,
          -0.027608217671513557,
          0.4913947582244873
        ],
        [
          0.8443966507911682,
          0.014790231361985207,
          0.535514235496521,
          0.41291388869285583
        ],
        [
          0.0,
          0.0,
          0.0,
          1.0
        ]
      ]
    },
    {
      "file_path": "./059.exr",
      "transform_matrix": [
        [
          0.9975607395172119,
          0.06929483264684677,
          -0.008414030075073242,
          -0.014170813374221325
        ],
        [
          4.790560725886905e-10,
          0.12053828686475754,
          0.992708683013916,
          2.209800958633423
        ],
        [
          0.06980379670858383,
          -0.9902872443199158,
          0.12024425715208054,
          -0.2864789366722107
        ],
        [
          0.0,
          0.0,
          0.0,
          1.0
        ]
      ]
    },
    {
      "file_path": "./060.exr",
      "transform_matrix": [
        [
          -0.059041596949100494,
          0.9036880135536194,
          -0.4241015911102295,
          -0.7142669558525085
        ],
        [
          -1.8226864462178582e-10,
          0.4248426854610443,
          0.9052672386169434,
          2.062532901763916
        ],
        [
          0.9982554912567139,
          0.05344842001795769,
          -0.0250833909958601,
          -0.5312380790710449
        ],
        [
          0.0,
          0.0,
          0.0,
          1.0
        ]
      ]
    },
    {
      "file_path": "./061.exr",
      "transform_matrix": [
        [
          -0.8418369293212891,
          -0.18045803904533386,
          0.5086703300476074,
          0.8566967248916626
        ],
        [
          -4.151370802674137e-09,
          0.9424498677253723,
          0.3343474864959717,
          1.1009963750839233
        ],
        [
          -0.5397319793701172,
          0.2814660668373108,
          -0.793389081954956,
          -1.825209617614746
        ],
        [
          0.0,
          0.0,
          0.0,
          1.0
        ]
      ]
    },
    {
      "file_path": "./062.exr",
      "transform_matrix": [
        [
          -0.9276103377342224,
          -0.0018003337318077683,
          -0.373544842004776,
          -0.6291199326515198
        ],
        [
          -3.0671840067775236e-11,
          0.9999883770942688,
          -0.004819536115974188,
          0.5297752022743225
        ],
        [
          0.3735491931438446,
          -0.004470651503652334,
          -0.9275996088981628,
          -2.0512454509735107
        ],
        [
          0.0,
          0.0,
          0.0,
          1.0
        ]
      ]
    },
    {
      "file_path": "./063.exr",
      "transform_matrix": [
        [
          -0.8512713313102722,
          -0.3661879301071167,
          0.37582385540008545,
          0.632958173751831
        ],
        [
          -1.4566317929620709e-08,
          0.7162290215492249,
          0.6978653073310852,
          1.7132288217544556
        ],
        [
          -0.5247258543968201,
          0.594072699546814,
          -0.6097052097320557,
          -1.515851378440857
        ],
        [
          0.0,
          0.0,
          0.0,
          1.0
        ]
      ]
    }
  ]
}