{
  "camera_angle_x": 2.900927863021347,
  "camera_angle_y": 0.9250245035569946,
  "f1_x": 1083.0724424598707,
  "f1_y": 1083.0724424598707,
  "w": 1920,
  "h": 1080,
  "scale": 0.1,
  "offset": [1.67, 1.25, 0],
  "aabb_scale": 16,
  "k1": 0,
  "k2": 0,
  "p1": 0,
  "p2": 0,
  "cx": 960.0,
  "cy": 540.0,
  "frames": [
    {
      "file_path": "images/000.exr",
      "transform_matrix": [
        [
          -0.9125360250473022,
          0.12848415970802307,
          -0.38829079270362854,
          -12.22832202911377
        ],
        [
          -0.40899625420570374,
          -0.28666871776623803,
          0.8663389087037473,
          -5.803374290415595
        ],
        [
          -5.5010121895362294e-09,
          0.9493749738026231,
          0.31414508810916686,
          0.5071302062115935
        ],
        [
          0.0,
          0.0,
          0.0,
          1.0
        ]
      ]
    },
    {
      "file_path": "images/001.exr",
      "transform_matrix": [
        [
          0.9995504021644592,
          -0.01444232277572155,
          0.02627737633883953,
          -12.538725852966309
        ],
        [
          0.02998468279838562,
          0.48144009718121816,
          -0.8759659528250643,
          -8.430263518871126
        ],
        [
          -4.0280315788289854e-10,
          0.876359999131696,
          0.48165667065797013,
          4.159834385761239
        ],
        [
          0.0,
          0.0,
          0.0,
          1.0
        ]
      ]
    },
    {
      "file_path": "images/002.exr",
      "transform_matrix": [
        [
          -0.218979150056839,
          0.7522718906402588,
          0.6213977336883545,
          -12.616842269897461
        ],
        [
          0.9757295250892639,
          0.1688294262330809,
          0.13945785157123228,
          -6.21389055222371
        ],
        [
          -1.1750222015203706e-09,
          0.6368545293639154,
          -0.7709840536257011,
          2.9704263216510522
        ],
        [
          0.0,
          0.0,
          0.0,
          1.0
        ]
      ]
    },
    {
      "file_path": "images/003.exr",
      "transform_matrix": [
        [
          -0.34901300072669983,
          -0.10838722437620163,
          0.9308287501335144,
          -10.744152069091797
        ],
        [
          0.937117874622345,
          -0.04036690657338725,
          0.34667071701252733,
          -4.707723617483703
        ],
        [
          4.029669029537343e-10,
          0.9932888746301963,
          0.11566018309702772,
          0.7000815277038962
        ],
        [
          0.0,
          0.0,
          0.0,
          1.0
        ]
      ]
    },
    {
      "file_path": "images/004.exr",
      "transform_matrix": [
        [
          -0.02896415814757347,
          0.27096444368362427,
          -0.9621534943580627,
          -10.02660083770752
        ],
        [
          -0.999580442905426,
          -0.007851551190620457,
          0.027879662838863953,
          -4.93339300125355
        ],
        [
          -8.296690040168471e-11,
          0.9625573754318459,
          0.2710781693430677,
          3.028465033070854
        ],
        [
          0.0,
          0.0,
          0.0,
          1.0
        ]
      ]
    },
    {
      "file_path": "images/005.exr",
      "transform_matrix": [
        [
          0.7279506325721741,
          0.06757665425539017,
          0.6822912096977234,
          -13.094927787780762
        ],
        [
          0.6856295466423035,
          -0.07174788405480666,
          -0.7244062423804616,
          -6.460132121965045
        ],
        [
          4.451097685403787e-09,
          0.9951309561801179,
          -0.09856147311834382,
          0.7475034004949512
        ],
        [
          0.0,
          0.0,
          0.0,
          1.0
        ]
      ]
    },
    {
      "file_path": "images/006.exr",
      "transform_matrix": [
        [
          0.8182135224342346,
          0.08254747837781906,
          -0.5689573287963867,
          -10.267426490783691
        ],
        [
          -0.5749143958091736,
          0.11748091141345131,
          -0.8097355365609592,
          -4.652938365517842
        ],
        [
          -1.8424718477647164e-10,
          0.9896383881451428,
          0.1435822100256986,
          4.184373856056114
        ],
        [
          0.0,
          0.0,
          0.0,
          1.0
        ]
      ]
    },
    {
      "file_path": "images/007.exr",
      "transform_matrix": [
        [
          -0.43855902552604675,
          0.8348357081413269,
          0.3327391445636749,
          -12.43947982788086
        ],
        [
          0.8987023830413818,
          0.4073926210773686,
          0.16237382581481374,
          -4.8058309552773215
        ],
        [
          -4.381110497770128e-09,
          0.370243966538698,
          -0.9289345145387898,
          2.2804927830733566
        ],
        [
          0.0,
          0.0,
          0.0,
          1.0
        ]
      ]
    },
    {
      "file_path": "images/008.exr",
      "transform_matrix": [
        [
          -0.849862813949585,
          0.37931185960769653,
          -0.36586299538612366,
          -12.707768440246582
        ],
        [
          -0.5270040035247803,
          -0.6116899251243634,
          0.5900018811945642,
          -5.891268729899063
        ],
        [
          -1.5108990164985365e-08,
          0.6942319274560359,
          0.7197513579732264,
          2.645106793039078
        ],
        [
          0.0,
          0.0,
          0.0,
          1.0
        ]
      ]
    },
    {
      "file_path": "images/009.exr",
      "transform_matrix": [
        [
          -0.9605981707572937,
          -0.16414645314216614,
          0.22429224848747253,
          -12.582256317138672
        ],
        [
          0.2779407799243927,
          -0.5673107504037687,
          0.7751821876162786,
          -7.298336982523667
        ],
        [
          5.616568230582708e-09,
          0.8069785833926075,
          0.5905807017504847,
          2.0338363654759277
        ],
        [
          0.0,
          0.0,
          0.0,
          1.0
        ]
      ]
    },
    {
      "file_path": "images/010.exr",
      "transform_matrix": [
        [
          0.5088450312614441,
          -0.0016779222059994936,
          0.8608565330505371,
          -11.441146850585938
        ],
        [
          0.860858142375946,
          0.0009918039267640434,
          -0.5088440775869327,
          -7.244824886064817
        ],
        [
          -1.1280668993372679e-10,
          0.999998092651268,
          0.0019491274651481968,
          2.572050095328975
        ],
        [
          0.0,
          0.0,
          0.0,
          1.0
        ]
      ]
    },
    {
      "file_path": "images/011.exr",
      "transform_matrix": [
        [
          -0.9732332825660706,
          0.16367579996585846,
          0.16132958233356476,
          -12.933344841003418
        ],
        [
          0.22981949150562286,
          0.6931297779785236,
          0.683194041180917,
          -8.072647094283308
        ],
        [
          -6.3620374537874885e-09,
          0.7019838690064621,
          -0.712192833491934,
          4.432549000593641
        ],
        [
          0.0,
          0.0,
          0.0,
          1.0
        ]
      ]
    },
    {
      "file_path": "images/012.exr",
      "transform_matrix": [
        [
          0.9005094766616821,
          0.4258110821247101,
          -0.08813443779945374,
          -12.23778247833252
        ],
        [
          -0.4348364770412445,
          0.8818185925686388,
          -0.18251894404632454,
          -8.199972152326074
        ],
        [
          2.077739526162924e-09,
          0.20268408945325336,
          0.9792441725913414,
          3.8388628967855736
        ],
        [
          0.0,
          0.0,
          0.0,
          1.0
        ]
      ]
    },
    {
      "file_path": "images/013.exr",
      "transform_matrix": [
        [
          -0.9891818761825562,
          0.12661777436733246,
          -0.07407544553279877,
          -12.796117782592773
        ],
        [
          -0.1466943472623825,
          -0.8538025617094522,
          0.4995017648606365,
          -8.093472480358985
        ],
        [
          1.018776455693057e-09,
          0.5049645305533673,
          0.8631400465465769,
          4.149414063309347
        ],
        [
          0.0,
          0.0,
          0.0,
          1.0
        ]
      ]
    },
    {
      "file_path": "images/014.exr",
      "transform_matrix": [
        [
          0.9023247957229614,
          -0.08849684149026871,
          0.42187461256980896,
          -13.554041862487793
        ],
        [
          0.4310567080974579,
          0.1852491796995392,
          -0.8831041455063557,
          -5.108883380759535
        ],
        [
          -3.6051656546873303e-09,
          0.9786986112409355,
          0.20530208954105394,
          1.3035817151410154
        ],
        [
          0.0,
          0.0,
          0.0,
          1.0
        ]
      ]
    },
    {
      "file_path": "images/015.exr",
      "transform_matrix": [
        [
          -0.9617881774902344,
          -0.14544281363487244,
          0.23196960985660553,
          -11.21988582611084
        ],
        [
          0.27379465103149414,
          -0.5109127759086233,
          0.8148648143345848,
          -7.620297431657454
        ],
        [
          -5.1171587320905196e-09,
          0.8472393155608874,
          0.5312113165040543,
          2.883469582366034
        ],
        [
          0.0,
          0.0,
          0.0,
          1.0
        ]
      ]
    },
    {
      "file_path": "images/016.exr",
      "transform_matrix": [
        [
          -0.6231155395507812,
          -0.5104097127914429,
          -0.5926288366317749,
          -12.025635719299316
        ],
        [
          -0.7821298241615295,
          0.4066386819643515,
          0.4721418618503294,
          -4.804379463087265
        ],
        [
          6.438035879432344e-09,
          0.7577115892957313,
          -0.6525895596022679,
          1.085351825240875
        ],
        [
          0.0,
          0.0,
          0.0,
          1.0
        ]
      ]
    },
    {
      "file_path": "images/017.exr",
      "transform_matrix": [
        [
          -0.7957691550254822,
          0.3003697395324707,
          0.5258606672286987,
          -13.058439254760742
        ],
        [
          0.6056000590324402,
          0.39469113954644297,
          0.6909902095298691,
          -6.215031623680212
        ],
        [
          3.264826399765697e-09,
          0.8683300017915856,
          -0.4959869981503063,
          1.6011959320561346
        ],
        [
          0.0,
          0.0,
          0.0,
          1.0
        ]
      ]
    },
    {
      "file_path": "images/018.exr",
      "transform_matrix": [
        [
          0.9426928758621216,
          0.26744431257247925,
          0.19950875639915466,
          -10.06406021118164
        ],
        [
          0.333661824464798,
          -0.7556089162228601,
          -0.5636709929314117,
          -6.860073089177825
        ],
        [
          -1.3403793495716446e-09,
          0.5979370475570978,
          -0.8015431165131519,
          4.21784448692258
        ],
        [
          0.0,
          0.0,
          0.0,
          1.0
        ]
      ]
    },
    {
      "file_path": "images/019.exr",
      "transform_matrix": [
        [
          -0.3444913625717163,
          0.7085545063018799,
          0.615854024887085,
          -12.547334671020508
        ],
        [
          0.9387894868850708,
          0.26000601059798,
          0.2259893267592033,
          -5.107944011578052
        ],
        [
          -2.828523467293911e-09,
          0.6560086607673038,
          -0.7547533512341468,
          1.1018003230434483
        ],
        [
          0.0,
          0.0,
          0.0,
          1.0
        ]
      ]
    },
    {
      "file_path": "images/020.exr",
      "transform_matrix": [
        [
          -0.998542070388794,
          -0.034837283194065094,
          -0.041232507675886154,
          -9.830709457397461
        ],
        [
          -0.05397921800613403,
          0.644442319946381,
          0.7627452611277834,
          -6.994330405874206
        ],
        [
          2.370153280575865e-10,
          0.763858914310861,
          -0.645383238868694,
          3.147592545255097
        ],
        [
          0.0,
          0.0,
          0.0,
          1.0
        ]
      ]
    },
    {
      "file_path": "images/021.exr",
      "transform_matrix": [
        [
          0.5220239758491516,
          -0.1648300290107727,
          -0.836852490901947,
          -12.494134902954102
        ],
        [
          -0.8529307842254639,
          -0.1008818372102919,
          -0.512183427829994,
          -7.587492465648103
        ],
        [
          4.759919993265478e-09,
          0.9811493158441336,
          -0.19325135643128746,
          3.247967959209067
        ],
        [
          0.0,
          0.0,
          0.0,
          1.0
        ]
      ]
    },
    {
      "file_path": "images/022.exr",
      "transform_matrix": [
        [
          -0.889940083026886,
          -0.017909228801727295,
          0.45572566986083984,
          -12.5327730178833
        ],
        [
          0.4560774564743042,
          -0.03494612862608267,
          0.8892537355462241,
          -7.143795966954761
        ],
        [
          3.319497913661334e-10,
          0.9992287159001011,
          0.03926795712161539,
          1.4728982455721678
        ],
        [
          0.0,
          0.0,
          0.0,
          1.0
        ]
      ]
    },
    {
      "file_path": "images/023.exr",
      "transform_matrix": [
        [
          0.49649298191070557,
          0.6345273852348328,
          -0.5923425555229187,
          -11.912463188171387
        ],
        [
          -0.8680407404899597,
          0.3629304171290911,
          -0.3388020097478393,
          -5.741072177690207
        ],
        [
          -2.2598356335582035e-08,
          0.682390272581047,
          0.7309880256991634,
          1.9675550466556502
        ],
        [
          0.0,
          0.0,
          0.0,
          1.0
        ]
      ]
    },
    {
      "file_path": "images/024.exr",
      "transform_matrix": [
        [
          0.9987858533859253,
          0.001132700010202825,
          0.04924946278333664,
          -12.490523338317871
        ],
        [
          0.04926248639822006,
          -0.02296523926095496,
          -0.9985218048118696,
          -7.827378749686037
        ],
        [
          -5.393960145190277e-11,
          0.9997356534027176,
          -0.02299315472392787,
          1.6137515314300157
        ],
        [
          0.0,
          0.0,
          0.0,
          1.0
        ]
      ]
    },
    {
      "file_path": "images/025.exr",
      "transform_matrix": [
        [
          -0.0961071252822876,
          -0.4650077223777771,
          -0.8800745606422424,
          -9.865771293640137
        ],
        [
          -0.9953709840774536,
          0.044898387133084944,
          0.08497478063203205,
          -6.728572845053477
        ],
        [
          -8.715574314723535e-10,
          0.8841673731758996,
          -0.4671702683056929,
          4.0550751692824765
        ],
        [
          0.0,
          0.0,
          0.0,
          1.0
        ]
      ]
    },
    {
      "file_path": "images/026.exr",
      "transform_matrix": [
        [
          -0.7007450461387634,
          0.23799827694892883,
          0.6725423336029053,
          -9.707931518554688
        ],
        [
          0.7134117484092712,
          0.23377256104836522,
          0.6606012582445325,
          -5.365294933201355
        ],
        [
          7.451036206914985e-09,
          0.9427127241854545,
          -0.3336057663624469,
          1.177372813761322
        ],
        [
          0.0,
          0.0,
          0.0,
          1.0
        ]
      ]
    },
    {
      "file_path": "images/027.exr",
      "transform_matrix": [
        [
          -0.32685330510139465,
          -0.684737503528595,
          0.6513842344284058,
          -12.614211082458496
        ],
        [
          0.9450750946998596,
          -0.23681579523346696,
          0.2252806127795913,
          -4.756299018565986
        ],
        [
          4.708936347597386e-09,
          0.6892408132789917,
          0.7245323657764221,
          2.9387648110377635
        ],
        [
          0.0,
          0.0,
          0.0,
          1.0
        ]
      ]
    },
    {
      "file_path": "images/028.exr",
      "transform_matrix": [
        [
          -0.8799115419387817,
          -0.12938307225704193,
          -0.457182377576828,
          -13.40345573425293
        ],
        [
          -0.4751375615596771,
          0.23960566530313024,
          0.8466601967539278,
          -6.2873144147773505
        ],
        [
          3.845890928438681e-09,
          0.962210595583797,
          -0.2723065317523754,
          2.006764412555001
        ],
        [
          0.0,
          0.0,
          0.0,
          1.0
        ]
      ]
    },
    {
      "file_path": "images/029.exr",
      "transform_matrix": [
        [
          -0.9517077803611755,
          0.24544183909893036,
          -0.18441958725452423,
          -9.789838790893555
        ],
        [
          -0.3070053458213806,
          -0.7608627080316653,
          0.5716954470480257,
          -8.206410407838888
        ],
        [
          6.693131144329482e-09,
          0.6007047892377684,
          0.7994709014320882,
          1.81131672941256
        ],
        [
          0.0,
          0.0,
          0.0,
          1.0
        ]
      ]
    },
    {
      "file_path": "images/030.exr",
      "transform_matrix": [
        [
          0.7364190220832825,
          -0.1906483769416809,
          0.6491072773933411,
          -12.121772766113281
        ],
        [
          0.6765257716178894,
          0.20752659449635305,
          -0.7065731286720759,
          -7.194746017170575
        ],
        [
          -8.772263241376327e-10,
          0.9594716429502862,
          0.28180506832512814,
          2.8548014171165694
        ],
        [
          0.0,
          0.0,
          0.0,
          1.0
        ]
      ]
    },
    {
      "file_path": "images/031.exr",
      "transform_matrix": [
        [
          -0.9829273819923401,
          -0.17316275835037231,
          -0.06219596043229103,
          -10.128854751586914
        ],
        [
          -0.18399369716644287,
          0.9250665903429464,
          0.3322620092881345,
          -5.075903892135837
        ],
        [
          1.2290540588501829e-09,
          0.3380331098108289,
          -0.9411342144344713,
          3.812534094364402
        ],
        [
          0.0,
          0.0,
          0.0,
          1.0
        ]
      ]
    },
    {
      "file_path": "images/032.exr",
      "transform_matrix": [
        [
          -0.9979206919670105,
          0.006804263219237328,
          -0.06409298628568649,
          -11.919164657592773
        ],
        [
          -0.06445315480232239,
          -0.10534962256739458,
          0.9923443198309609,
          -7.445246696372283
        ],
        [
          5.7264248409077714e-11,
          0.9944120049581974,
          0.10556912412256732,
          0.998843193798724
        ],
        [
          0.0,
          0.0,
          0.0,
          1.0
        ]
      ]
    },
    {
      "file_path": "images/033.exr",
      "transform_matrix": [
        [
          0.9713678359985352,
          -0.03193753585219383,
          -0.2354239672422409,
          -13.309247016906738
        ],
        [
          -0.23758038878440857,
          -0.13057935227975287,
          -0.9625511169568022,
          -6.143098353916632
        ],
        [
          -1.8121762526373106e-09,
          0.9909232854973719,
          -0.13442833712012214,
          4.229671478885794
        ],
        [
          0.0,
          0.0,
          0.0,
          1.0
        ]
      ]
    },
    {
      "file_path": "images/034.exr",
      "transform_matrix": [
        [
          -0.3171217441558838,
          0.11454872786998749,
          0.9414416551589966,
          -12.36296272277832
        ],
        [
          0.9483848214149475,
          0.03830290595683092,
          0.31480008362515927,
          -6.284100532284117
        ],
        [
          1.4383728456807275e-09,
          0.9926789402923428,
          -0.12078295651245993,
          2.4762158400143965
        ],
        [
          0.0,
          0.0,
          0.0,
          1.0
        ]
      ]
    },
    {
      "file_path": "images/035.exr",
      "transform_matrix": [
        [
          0.8804448246955872,
          -0.30116015672683716,
          0.36622315645217896,
          -10.391902923583984
        ],
        [
          0.47414854168891907,
          0.5592232943353558,
          -0.6800385712942111,
          -4.953652858452757
        ],
        [
          2.6981791163038734e-09,
          0.7723806499875652,
          0.635159909793193,
          2.8137395386881145
        ],
        [
          0.0,
          0.0,
          0.0,
          1.0
        ]
      ]
    },
    {
      "file_path": "images/036.exr",
      "transform_matrix": [
        [
          0.28466176986694336,
          0.9474105834960938,
          0.14622168242931366,
          -12.18172550201416
        ],
        [
          0.9586280584335327,
          -0.2813307940807398,
          -0.04342010254610121,
          -5.696198939959116
        ],
        [
          -1.7176615091143712e-09,
          0.15253224971723525,
          -0.9882985353426429,
          3.1798360353444
        ],
        [
          0.0,
          0.0,
          0.0,
          1.0
        ]
      ]
    },
    {
      "file_path": "images/037.exr",
      "transform_matrix": [
        [
          -0.10854991525411606,
          -0.23374320566654205,
          -0.966219961643219,
          -12.761675834655762
        ],
        [
          -0.9940910339355469,
          0.025523623548786876,
          0.10550653187069374,
          -5.95135354974048
        ],
        [
          -4.1191031962135296e-10,
          0.9719632863972889,
          -0.23513260484796825,
          2.1679501539459656
        ],
        [
          0.0,
          0.0,
          0.0,
          1.0
        ]
      ]
    },
    {
      "file_path": "images/038.exr",
      "transform_matrix": [
        [
          0.9043828248977661,
          0.205669566988945,
          -0.37388741970062256,
          -10.22707462310791
        ],
        [
          -0.42672213912010193,
          0.4358902574461695,
          -0.7924064397329914,
          -7.145621299456892
        ],
        [
          6.548914429099579e-09,
          0.8761847018759666,
          0.4819754064875506,
          2.8675973422520378
        ],
        [
          0.0,
          0.0,
          0.0,
          1.0
        ]
      ]
    },
    {
      "file_path": "images/039.exr",
      "transform_matrix": [
        [
          -0.358444482088089,
          0.8470238447189331,
          -0.39251506328582764,
          -10.381145477294922
        ],
        [
          -0.933551013469696,
          -0.32522165771094536,
          0.1507093311263454,
          -6.182582378255185
        ],
        [
          -2.2582837745530133e-09,
          0.4204538166848201,
          0.9073139428941698,
          1.3226586586459073
        ],
        [
          0.0,
          0.0,
          0.0,
          1.0
        ]
      ]
    },
    {
      "file_path": "images/040.exr",
      "transform_matrix": [
        [
          -0.9825651049613953,
          0.06052521616220474,
          0.17579102516174316,
          -10.253393173217773
        ],
        [
          0.18591876327991486,
          0.3198707104674774,
          0.9290409087809219,
          -6.795830249631612
        ],
        [
          -1.892380557640015e-09,
          0.9455260038055984,
          -0.32554659256688784,
          1.547654391014666
        ],
        [
          0.0,
          0.0,
          0.0,
          1.0
        ]
      ]
    },
    {
      "file_path": "images/041.exr",
      "transform_matrix": [
        [
          0.9789404273033142,
          0.15012602508068085,
          -0.1383398026227951,
          -11.184863090515137
        ],
        [
          -0.2041463404893875,
          0.7198975086889808,
          -0.6633791922787565,
          -6.801654338571377
        ],
        [
          -1.2948532588590743e-09,
          0.6776502131695874,
          0.7353843451209644,
          2.652924061501699
        ],
        [
          0.0,
          0.0,
          0.0,
          1.0
        ]
      ]
    },
    {
      "file_path": "images/042.exr",
      "transform_matrix": [
        [
          0.7424286603927612,
          0.41853103041648865,
          0.5230979323387146,
          -11.465108871459961
        ],
        [
          0.6699250936508179,
          -0.4638271032983055,
          -0.5797109008460132,
          -5.710415363112518
        ],
        [
          -1.976753752947276e-09,
          0.7808304429518087,
          -0.6247429847137574,
          1.9924907690036588
        ],
        [
          0.0,
          0.0,
          0.0,
          1.0
        ]
      ]
    },
    {
      "file_path": "images/043.exr",
      "transform_matrix": [
        [
          0.29157254099845886,
          0.07074520736932755,
          -0.9539290070533752,
          -10.88989543914795
        ],
        [
          -0.9565486907958984,
          0.021564358945079264,
          -0.2907740175650071,
          -4.693711280617984
        ],
        [
          -6.54026884120009e-10,
          0.997261285779704,
          0.07395881417321193,
          2.047691107265636
        ],
        [
          0.0,
          0.0,
          0.0,
          1.0
        ]
      ]
    },
    {
      "file_path": "images/044.exr",
      "transform_matrix": [
        [
          0.9548264741897583,
          -0.13073942065238953,
          -0.2668587565422058,
          -12.061919212341309
        ],
        [
          -0.2971639335155487,
          -0.42008283725341405,
          -0.8574520945988968,
          -5.997933864383597
        ],
        [
          -6.12582767864954e-09,
          0.8980187178078164,
          -0.4399572311974426,
          2.0990858084000865
        ],
        [
          0.0,
          0.0,
          0.0,
          1.0
        ]
      ]
    },
    {
      "file_path": "images/045.exr",
      "transform_matrix": [
        [
          0.9635019898414612,
          0.13300669193267822,
          -0.23232102394104004,
          -13.686112403869629
        ],
        [
          -0.26770099997520447,
          0.47871392973995147,
          -0.8361633419493691,
          -6.318869590315916
        ],
        [
          -2.77232751814153e-09,
          0.8678376078126938,
          0.4968478680493146,
          4.433604717886526
        ],
        [
          0.0,
          0.0,
          0.0,
          1.0
        ]
      ]
    },
    {
      "file_path": "images/046.exr",
      "transform_matrix": [
        [
          0.023238124325871468,
          -0.353177011013031,
          -0.9352678656578064,
          -9.986275672912598
        ],
        [
          -0.9997299909591675,
          -0.008209387678233204,
          -0.02173974182264166,
          -7.354855537255573
        ],
        [
          5.449369064277333e-10,
          0.9355204701431854,
          -0.35327240824482004,
          1.5897787816726805
        ],
        [
          0.0,
          0.0,
          0.0,
          1.0
        ]
      ]
    },
    {
      "file_path": "images/047.exr",
      "transform_matrix": [
        [
          0.6938229203224182,
          -0.25335198640823364,
          0.6741086840629578,
          -10.337282180786133
        ],
        [
          0.7201456427574158,
          0.24409146616282879,
          -0.6494687199240784,
          -7.305261134716148
        ],
        [
          3.2117533540105315e-09,
          0.9360727071517994,
          0.3518065810853021,
          3.851700306669247
        ],
        [
          0.0,
          0.0,
          0.0,
          1.0
        ]
      ]
    },
    {
      "file_path": "images/048.exr",
      "transform_matrix": [
        [
          -0.9457997679710388,
          -0.13773609697818756,
          -0.2940945029258728,
          -12.076742172241211
        ],
        [
          -0.3247503936290741,
          0.40114122638221666,
          0.8565178513102787,
          -8.351767539716539
        ],
        [
          7.489560657719616e-09,
          0.9056017398433087,
          -0.42412909873944515,
          2.614878416896578
        ],
        [
          0.0,
          0.0,
          0.0,
          1.0
        ]
      ]
    },
    {
      "file_path": "images/049.exr",
      "transform_matrix": [
        [
          -0.9820716977119446,
          -0.03702741488814354,
          0.18483524024486542,
          -12.322277069091797
        ],
        [
          0.1885075569152832,
          -0.19290249039858354,
          0.9629400372701612,
          -6.154379844269481
        ],
        [
          3.51297940441145e-09,
          0.9805190563394807,
          0.19642405202296107,
          3.960470200200399
        ],
        [
          0.0,
          0.0,
          0.0,
          1.0
        ]
      ]
    },
    {
      "file_path": "images/050.exr",
      "transform_matrix": [
        [
          -0.23965728282928467,
          -0.3092280626296997,
          -0.9202947616577148,
          -10.040614128112793
        ],
        [
          -0.970857560634613,
          0.0763332993740049,
          0.22717580196056536,
          -5.207174301070187
        ],
        [
          2.4953708901448222e-09,
          0.9479194283409079,
          -0.3185102343786441,
          0.7727378015956992
        ],
        [
          0.0,
          0.0,
          0.0,
          1.0
        ]
      ]
    },
    {
      "file_path": "images/051.exr",
      "transform_matrix": [
        [
          -0.9990563988685608,
          -0.008139356039464474,
          0.04266250878572464,
          -12.817073822021484
        ],
        [
          0.043432001024484634,
          -0.18722775568676012,
          0.9813559055515774,
          -4.843653201706296
        ],
        [
          1.9481630535137096e-11,
          0.9822828173824618,
          0.187404572865579,
          3.505886316783804
        ],
        [
          0.0,
          0.0,
          0.0,
          1.0
        ]
      ]
    },
    {
      "file_path": "images/052.exr",
      "transform_matrix": [
        [
          -0.6642354726791382,
          -0.7441361546516418,
          -0.07108103483915329,
          -11.151203155517578
        ],
        [
          -0.7475233674049377,
          0.6612257361507137,
          0.06316129853307488,
          -6.154577254878832
        ],
        [
          9.960171297615564e-12,
          0.0950887128049521,
          -0.9954687953058462,
          3.7019221788838905
        ],
        [
          0.0,
          0.0,
          0.0,
          1.0
        ]
      ]
    },
    {
      "file_path": "images/053.exr",
      "transform_matrix": [
        [
          0.01998874731361866,
          -0.75589919090271,
          -0.6543828248977661,
          -10.727105140686035
        ],
        [
          -0.9998002052307129,
          -0.01511249777835061,
          -0.013082907610740775,
          -5.9904184337820245
        ],
        [
          2.52505770021347e-11,
          0.6545135974899146,
          -0.7560502290712625,
          3.6104168897897155
        ],
        [
          0.0,
          0.0,
          0.0,
          1.0
        ]
      ]
    },
    {
      "file_path": "images/054.exr",
      "transform_matrix": [
        [
          0.9998793005943298,
          0.01189124584197998,
          -0.009995394386351109,
          -10.3034086227417
        ],
        [
          -0.015534143894910812,
          0.7653985024141982,
          -0.6433690785596203,
          -8.286957740367644
        ],
        [
          1.065963116681213e-11,
          0.6434466838071271,
          0.7654908896135922,
          4.160482407444907
        ],
        [
          0.0,
          0.0,
          0.0,
          1.0
        ]
      ]
    },
    {
      "file_path": "images/055.exr",
      "transform_matrix": [
        [
          -0.14916075766086578,
          -0.19554652273654938,
          -0.9692845940589905,
          -13.284127235412598
        ],
        [
          -0.9888129234313965,
          0.02949786382285284,
          0.14621494708467817,
          -7.79506778679504
        ],
        [
          1.132846687796482e-10,
          0.9802506566018171,
          -0.19775886835129905,
          3.75369834977853
        ],
        [
          0.0,
          0.0,
          0.0,
          1.0
        ]
      ]
    },
    {
      "file_path": "images/056.exr",
      "transform_matrix": [
        [
          0.743428111076355,
          -0.1079794391989708,
          -0.6600416898727417,
          -9.816241264343262
        ],
        [
          -0.6688158512115479,
          -0.12002549310590553,
          -0.7336751222771922,
          -5.8909916875013835
        ],
        [
          -1.2090924024762123e-09,
          0.9868811369062286,
          -0.16144870214278087,
          2.7327430254151492
        ],
        [
          0.0,
          0.0,
          0.0,
          1.0
        ]
      ]
    },
    {
      "file_path": "images/057.exr",
      "transform_matrix": [
        [
          0.7084628343582153,
          -0.08468255400657654,
          -0.7006492018699646,
          -10.344955444335938
        ],
        [
          -0.7057481408119202,
          -0.08500829329099653,
          -0.7033442855001276,
          -7.633832454578036
        ],
        [
          2.8357400278391634e-09,
          0.9927751422013414,
          -0.11998977505087757,
          1.0336067684178023
        ],
        [
          0.0,
          0.0,
          0.0,
          1.0
        ]
      ]
    },
    {
      "file_path": "images/058.exr",
      "transform_matrix": [
        [
          0.5200504064559937,
          -0.8214842677116394,
          0.23390421271324158,
          -11.342245101928711
        ],
        [
          0.8541355729103088,
          0.5001702904975082,
          -0.14241529991545754,
          -5.268850803294636
        ],
        [
          -2.206271720121197e-09,
          0.27384904021983464,
          0.9617726802968343,
          0.8060801630520621
        ],
        [
          0.0,
          0.0,
          0.0,
          1.0
        ]
      ]
    },
    {
      "file_path": "images/059.exr",
      "transform_matrix": [
        [
          -0.8413261771202087,
          0.38251355290412903,
          0.3819078803062439,
          -9.963372230529785
        ],
        [
          0.5405277013778687,
          0.5953786373844974,
          0.5944358705766637,
          -6.245501995030496
        ],
        [
          -1.147118135049586e-08,
          0.7065463065505696,
          -0.7076668143866836,
          0.5617404586361775
        ],
        [
          0.0,
          0.0,
          0.0,
          1.0
        ]
      ]
    },
    {
      "file_path": "images/060.exr",
      "transform_matrix": [
        [
          0.16754058003425598,
          0.939035177230835,
          0.3002385199069977,
          -10.119868278503418
        ],
        [
          0.9858651757240295,
          -0.15958215293223033,
          -0.0510233418105857,
          -5.994683265331119
        ],
        [
          3.119338733861482e-09,
          0.3045431673686346,
          -0.9524984955736635,
          3.5491642957960017
        ],
        [
          0.0,
          0.0,
          0.0,
          1.0
        ]
      ]
    },
    {
      "file_path": "images/061.exr",
      "transform_matrix": [
        [
          -0.34362709522247314,
          0.6609817147254944,
          0.6671008467674255,
          -12.86642837524414
        ],
        [
          0.9391062259674072,
          0.24185894436787259,
          0.24409799270744026,
          -6.645540714196835
        ],
        [
          -1.122118484351879e-08,
          0.7103572487589257,
          -0.7038412690406757,
          0.6708155877083163
        ],
        [
          0.0,
          0.0,
          0.0,
          1.0
        ]
      ]
    },
    {
      "file_path": "images/062.exr",
      "transform_matrix": [
        [
          -0.7868093252182007,
          0.174440398812294,
          0.5920318365097046,
          -10.360286712646484
        ],
        [
          0.6171962022781372,
          0.22237874577100977,
          0.7547294497207295,
          -7.706265926013985
        ],
        [
          8.945131639479968e-09,
          0.9592279791609591,
          -0.2826336324969665,
          3.470988035972653
        ],
        [
          0.0,
          0.0,
          0.0,
          1.0
        ]
      ]
    },
    {
      "file_path": "images/063.exr",
      "transform_matrix": [
        [
          -0.16303648054599762,
          0.946899950504303,
          -0.2771274149417877,
          -13.06017017364502
        ],
        [
          -0.9866200089454651,
          -0.15647284683756543,
          0.045794613755356,
          -4.939332484971605
        ],
        [
          1.9456333626940835e-09,
          0.2808856666244577,
          0.9597412347747785,
          2.2736957078151003
        ],
        [
          0.0,
          0.0,
          0.0,
          1.0
        ]
      ]
    },
    {
      "file_path": "images/064.exr",
      "transform_matrix": [
        [
          -0.07527923583984375,
          0.4796152412891388,
          -0.8742438554763794,
          -12.39087200164795
        ],
        [
          -0.9971624612808228,
          -0.036207809956615475,
          0.06599967931550448,
          -7.354956149626035
        ],
        [
          -1.0967624395202977e-09,
          0.8767315149343459,
          0.48098000883396097,
          4.288970471163963
        ],
        [
          0.0,
          0.0,
          0.0,
          1.0
        ]
      ]
    },
    {
      "file_path": "images/065.exr",
      "transform_matrix": [
        [
          -0.40194591879844666,
          -0.06692986190319061,
          0.9132140278816223,
          -13.628412246704102
        ],
        [
          0.9156634211540222,
          -0.02937998985211647,
          0.4008707106186528,
          -5.935391425829416
        ],
        [
          -2.430767848860188e-09,
          0.997325062754708,
          0.07309439774319235,
          2.5700912481521327
        ],
        [
          0.0,
          0.0,
          0.0,
          1.0
        ]
      ]
    },
    {
      "file_path": "images/066.exr",
      "transform_matrix": [
        [
          0.8741026520729065,
          0.012660748325288296,
          -0.48557618260383606,
          -11.186274528503418
        ],
        [
          -0.4857412278652191,
          0.02278331304652403,
          -0.8738056421253843,
          -5.69097328165573
        ],
        [
          -3.340585155578333e-11,
