{
  "camera_angle_x": 2.900927863021347,
  "camera_angle_y": 0.9250245035569946,
  "f1_x": 1083.0724424598707,
  "f1_y": 1083.0724424598707,
  "w": 1920,
  "h": 1080,
  "aabb_scale": 16,
  "k1": 0,
  "k2": 0,
  "p1": 0,
  "p2": 0,
  "cx": 960.0,
  "cy": 540.0,
  "frames": [
    {
      "file_path": "images/000.exr",
      "transform_matrix": [
        [
          -0.1379677802324295,
          0.944527804851532,
          -0.2980470657348633,
          -11.69999885559082
        ],
        [
          -0.9904366731643677,
          -0.13157266375393462,
          0.0415179395139191,
          -6.500000476587158
        ],
        [
          -5.832465119175353e-11,
          0.30092489720706594,
          0.9536478519398179,
          2.500000239068579
        ],
        [
          0.0,
          0.0,
          0.0,
          1.0
        ]
      ]
    },
    {
      "file_path": "images/001.exr",
      "transform_matrix": [
        [
          -0.4735095798969269,
          0.49529293179512024,
          0.7283361554145813,
          -11.699999809265137
        ],
        [
          0.8807886242866516,
          0.2662681341998178,
          0.39155155414680054,
          -6.49999999975
        ],
        [
          -1.6768048275402622e-08,
          0.8269135951729581,
          -0.5623289347086498,
          2.5000004774871583
        ],
        [
          0.0,
          0.0,
          0.0,
          1.0
        ]
      ]
    },
    {
      "file_path": "images/002.exr",
      "transform_matrix": [
        [
          0.7304773330688477,
          0.19622115790843964,
          0.6541407108306885,
          -11.699999809265137
        ],
        [
          0.6829369068145752,
          -0.20988047113376973,
          -0.6996766329098966,
          -6.49999999975
        ],
        [
          -8.920128517021067e-09,
          0.9578347802372051,
          -0.28731960051215516,
          2.500000239068579
        ],
        [
          0.0,
          0.0,
          0.0,
          1.0
        ]
      ]
    },
    {
      "file_path": "images/003.exr",
      "transform_matrix": [
        [
          -0.9987682104110718,
          -0.007052467204630375,
          0.04911462962627411,
          -11.699999809265137
        ],
        [
          0.04961838573217392,
          -0.14195908596153925,
          0.9886281490468062,
          -6.49999999975
        ],
        [
          3.303583770545644e-10,
          0.9898473620556693,
          0.14213415970452767,
          2.50000000065
        ],
        [
          0.0,
          0.0,
          0.0,
          1.0
        ]
      ]
    },
    {
      "file_path": "images/004.exr",
      "transform_matrix": [
        [
          -0.5959808230400085,
          0.2988539934158325,
          -0.7453141212463379,
          -11.699999809265137
        ],
        [
          -0.8029986619949341,
          -0.2218076585795164,
          0.5531677008047343,
          -6.49999999975
        ],
        [
          -1.483179657370747e-08,
          0.9281635880692084,
          0.37217247480582827,
          2.50000000065
        ],
        [
          0.0,
          0.0,
          0.0,
          1.0
        ]
      ]
    },
    {
      "file_path": "images/005.exr",
      "transform_matrix": [
        [
          0.8695461750030518,
          -0.0073541803285479546,
          -0.4937968850135803,
          -11.69999885559082
        ],
        [
          -0.4938516616821289,
          -0.012948826786724588,
          -0.8694497942939391,
          -6.49999999975
        ],
        [
          -2.513668641334813e-10,
          0.9998890757573679,
          -0.014891478146094393,
          2.500000239068579
        ],
        [
          0.0,
          0.0,
          0.0,
          1.0
        ]
      ]
    },
    {
      "file_path": "images/006.exr",
      "transform_matrix": [
        [
          -0.6095542311668396,
          0.0802045539021492,
          -0.7886766791343689,
          -11.699999809265137
        ],
        [
          -0.7927443981170654,
          -0.06167059754317325,
          0.6064264178377236,
          -6.499999522912842
        ],
        [
          3.027134846597335e-09,
          0.994868814951388,
          0.10117328160897406,
          2.50000000065
        ],
        [
          0.0,
          0.0,
          0.0,
          1.0
        ]
      ]
    },
    {
      "file_path": "images/007.exr",
      "transform_matrix": [
        [
          0.893854558467865,
          -0.2374078631401062,
          -0.3803439438343048,
          -11.700000762939453
        ],
        [
          -0.4483570158481598,
          -0.47330161920647495,
          -0.7582621574931362,
          -6.500000476587158
        ],
        [
          -3.1462223791451078e-09,
          0.8483060002800267,
          -0.5295063256459145,
          2.50000000065
        ],
        [
          0.0,
          0.0,
          0.0,
          1.0
        ]
      ]
    },
    {
      "file_path": "images/008.exr",
      "transform_matrix": [
        [
          -0.5869157314300537,
          -0.4076307415962219,
          0.6995477676391602,
          -11.699999809265137
        ],
        [
          0.8096480369567871,
          -0.2954924701780333,
          0.5071038008239672,
          -6.49999999975
        ],
        [
          -1.5641783221981033e-08,
          0.8640146851835104,
          0.5034666060894263,
          2.50000000065
        ],
        [
          0.0,
          0.0,
          0.0,
          1.0
        ]
      ]
    },
    {
      "file_path": "images/009.exr",
      "transform_matrix": [
        [
          -0.3430279493331909,
          0.4115738570690155,
          -0.8443570137023926,
          -11.699999809265137
        ],
        [
          -0.9393251538276672,
          -0.15030080071043375,
          0.3083469570121234,
          -6.499999522912842
        ],
        [
          -1.4138666956591654e-09,
          0.898897409454117,
          0.43815907832876916,
          2.50000000065
        ],
        [
          0.0,
          0.0,
          0.0,
          1.0
        ]
      ]
    },
    {
      "file_path": "images/010.exr",
      "transform_matrix": [
        [
          -0.9935714602470398,
          -0.022122105583548546,
          -0.11102414131164551,
          -11.699999809265137
        ],
        [
          -0.1132066622376442,
          0.1941572279718743,
          0.9744163155360311,
          -6.49999999975
        ],
        [
          -9.715898635841779e-10,
          0.980720937232629,
          -0.19541345546452996,
          2.50000000065
        ],
        [
          0.0,
          0.0,
          0.0,
          1.0
        ]
      ]
    },
    {
      "file_path": "images/011.exr",
      "transform_matrix": [
        [
          -0.9993588924407959,
          -0.02079836279153824,
          -0.029141126200556755,
          -11.700000762939453
        ],
        [
          -0.03580191358923912,
          0.5805563331464284,
          0.8134325742140629,
          -6.49999999975
        ],
        [
          1.955940786925175e-11,
          0.8139543532744639,
          -0.5809287429669329,
          2.50000000065
        ],
        [
          0.0,
          0.0,
          0.0,
          1.0
        ]
      ]
    },
    {
      "file_path": "images/012.exr",
      "transform_matrix": [
        [
          -0.12078464776277542,
          0.08585284650325775,
          -0.9889591932296753,
          -11.69999885559082
        ],
        [
          -0.992678701877594,
          -0.010446186077807222,
          0.12033208460480568,
          -6.49999999975
        ],
        [
          -3.894830502165562e-10,
          0.9962530732165292,
          0.08648603408325412,
          2.499999762231421
        ],
        [
          0.0,
          0.0,
          0.0,
          1.0
        ]
      ]
    },
    {
      "file_path": "images/013.exr",
      "transform_matrix": [
        [
          0.8091519474983215,
          -0.5798094272613525,
          0.09536301344633102,
          -11.69999885559082
        ],
        [
          0.5875994563102722,
          0.7984247207803894,
          -0.13131932904389623,
          -6.499999522912842
        ],
        [
          -6.2279415604979725e-09,
          0.1622925548947135,
          0.9867426753175448,
          2.50000000065
        ],
        [
          0.0,
          0.0,
          0.0,
          1.0
        ]
      ]
    },
    {
      "file_path": "images/014.exr",
      "transform_matrix": [
        [
          -0.6982078552246094,
          -0.16279324889183044,
          0.6971399784088135,
          -11.699999809265137
        ],
        [
          0.7158951163291931,
          -0.15877120187081287,
          0.6799160838354534,
          -6.49999999975
        ],
        [
          -6.405418978470138e-09,
          0.9738018512884601,
          0.22739818685408175,
          2.500000239068579
        ],
        [
          0.0,
          0.0,
          0.0,
          1.0
        ]
      ]
    },
    {
      "file_path": "images/015.exr",
      "transform_matrix": [
        [
          0.015099001117050648,
          -0.40852129459381104,
          -0.912623941898346,
          -11.699999809265137
        ],
        [
          -0.9998860359191895,
          -0.006168966090303449,
          -0.013781280297664593,
          -6.49999999975
        ],
        [
          -1.0588805107479478e-10,
          0.912727952004096,
          -0.4085678458200025,
          2.50000000065
        ],
        [
          0.0,
          0.0,
          0.0,
          1.0
        ]
      ]
    },
    {
      "file_path": "images/016.exr",
      "transform_matrix": [
        [
          -0.9974138140678406,
          0.014495264738798141,
          0.07039564102888107,
          -11.699999809265137
        ],
        [
          0.0718725174665451,
          0.20115862796564382,
          0.9769183993137859,
          -6.49999999975
        ],
        [
          -6.477016161113254e-10,
          0.9794514179028577,
          -0.20168021331065877,
          2.50000000065
        ],
        [
          0.0,
          0.0,
          0.0,
          1.0
        ]
      ]
    },
    {
      "file_path": "images/017.exr",
      "transform_matrix": [
        [
          0.914764404296875,
          -0.1140122339129448,
          -0.38756585121154785,
          -11.699999809265137
        ],
        [
          -0.40398773550987244,
          -0.25816214075031735,
          -0.8775797486587454,
          -6.49999999975
        ],
        [
          -2.249147997498596e-09,
          0.9593505859633162,
          -0.28221708527372275,
          2.500000239068579
        ],
        [
          0.0,
          0.0,
          0.0,
          1.0
        ]
      ]
    },
    {
      "file_path": "images/018.exr",
      "transform_matrix": [
        [
          -0.9762318730354309,
          0.12495370209217072,
          -0.17708182334899902,
          -11.699999809265137
        ],
        [
          -0.21672885119915009,
          -0.5628405212538952,
          0.7976460457424689,
          -6.49999999975
        ],
        [
          -4.387407769218299e-09,
          0.8170661330785924,
          0.5765439271129233,
          2.50000000065
        ],
        [
          0.0,
          0.0,
          0.0,
          1.0
        ]
      ]
    },
    {
      "file_path": "images/019.exr",
      "transform_matrix": [
        [
          0.9060522317886353,
          -0.14160196483135223,
          -0.39877086877822876,
          -11.699999809265137
        ],
        [
          -0.42316585779190063,
          -0.3031879662525056,
          -0.8538194895125275,
          -6.49999999975
        ],
        [
          1.343561922987382e-09,
          0.9423512816732326,
          -0.3346252738575654,
          2.50000000065
        ],
        [
          0.0,
          0.0,
          0.0,
          1.0
        ]
      ]
    },
    {
      "file_path": "images/020.exr",
      "transform_matrix": [
        [
          0.7415633797645569,
          0.244138702750206,
          0.6248839497566223,
          -11.699999809265137
        ],
        [
          0.6708828210830688,
          -0.26985988011582557,
          -0.6907184720403274,
          -6.500000476587158
        ],
        [
          8.05180393752481e-09,
          0.9314354658396691,
          -0.3639066516662339,
          2.50000000065
        ],
        [
          0.0,
          0.0,
          0.0,
          1.0
        ]
      ]
    },
    {
      "file_path": "images/021.exr",
      "transform_matrix": [
        [
          0.0366995595395565,
          -0.24776458740234375,
          0.9681249260902405,
          -11.699999809265137
        ],
        [
          0.9993263483047485,
          0.009098980672677703,
          -0.03555370864773034,
          -6.49999999975
        ],
        [
          -4.0934963512707124e-10,
          0.9687775373449763,
          0.24793161452172097,
          2.50000000065
        ],
        [
          0.0,
          0.0,
          0.0,
          1.0
        ]
      ]
    },
    {
      "file_path": "images/022.exr",
      "transform_matrix": [
        [
          0.7035239338874817,
          -0.5229756832122803,
          -0.48119693994522095,
          -11.699999809265137
        ],
        [
          -0.710671603679657,
          -0.5177158712663658,
          -0.4763572812816273,
          -6.49999999975
        ],
        [
          -5.28736297779427e-09,
          0.6771017313521256,
          -0.7358894347668173,
          2.500000239068579
        ],
        [
          0.0,
          0.0,
          0.0,
          1.0
        ]
      ]
    },
    {
      "file_path": "images/023.exr",
      "transform_matrix": [
        [
          0.7419261932373047,
          0.5954967141151428,
          0.3081058859825134,
          -11.699999809265137
        ],
        [
          0.6704815626144409,
          -0.6589511632459782,
          -0.3409367800647074,
          -6.49999999975
        ],
        [
          1.6784533592908347e-09,
          0.45952925092610936,
          -0.8881626128809453,
          2.50000000065
        ],
        [
          0.0,
          0.0,
          0.0,
          1.0
        ]
      ]
    },
    {
      "file_path": "images/024.exr",
      "transform_matrix": [
        [
          -0.1891832798719406,
          -0.4541192054748535,
          -0.8706235885620117,
          -11.699999809265137
        ],
        [
          -0.9819417595863342,
          0.08749170610234297,
          0.16773644085074085,
          -6.500000476587158
        ],
        [
          -2.8789869841789214e-09,
          0.8866346478374727,
          -0.46247062088736385,
          2.5000004774871583
        ],
        [
          0.0,
          0.0,
          0.0,
          1.0
        ]
      ]
    },
    {
      "file_path": "images/025.exr",
      "transform_matrix": [
        [
          -0.36305171251296997,
          0.06797464191913605,
          -0.9292862415313721,
          -11.700000762939453
        ],
        [
          -0.9317689538002014,
          -0.026485437427565376,
          0.3620843291355606,
          -6.49999999975
        ],
        [
          3.1001545020747006e-10,
          0.9973354339626095,
          0.07295224811986227,
          2.50000000065
        ],
        [
          0.0,
          0.0,
          0.0,
          1.0
        ]
      ]
    },
    {
      "file_path": "images/026.exr",
      "transform_matrix": [
        [
          -0.7733180522918701,
          -0.23316635191440582,
          -0.5895868539810181,
          -11.699999809265137
        ],
        [
          -0.6340183019638062,
          0.28439515838385515,
          0.7191245555509926,
          -6.499999522912842
        ],
        [
          1.202337003841074e-09,
          0.929920911760501,
          -0.36775967485943384,
          2.50000000065
        ],
        [
          0.0,
          0.0,
          0.0,
          1.0
        ]
      ]
    },
    {
      "file_path": "images/027.exr",
      "transform_matrix": [
        [
          0.6540629863739014,
          -0.5956817865371704,
          0.4662240445613861,
          -11.699999809265137
        ],
        [
          0.7564401030540466,
          0.5150617957731514,
          -0.403124988000323,
          -6.500000476587158
        ],
        [
          7.83635948024854e-09,
          0.6163397430858535,
          0.7874803543493946,
          2.500000239068579
        ],
        [
          0.0,
          0.0,
          0.0,
          1.0
        ]
      ]
    },
    {
      "file_path": "images/028.exr",
      "transform_matrix": [
        [
          0.44007477164268494,
          -0.4814545810222626,
          0.7579813599586487,
          -11.699999809265137
        ],
        [
          0.8979610800743103,
          0.23595233270026372,
          -0.37147319311502375,
          -6.499999522912842
        ],
        [
          4.660632431047715e-10,
          0.8441137075188242,
          0.5361641049756544,
          2.499999523812842
        ],
        [
          0.0,
          0.0,
          0.0,
          1.0
        ]
      ]
    },
    {
      "file_path": "images/029.exr",
      "transform_matrix": [
        [
          0.9967665076255798,
          -0.020059769973158836,
          -0.0778084546327591,
          -11.699999809265137
        ],
        [
          -0.08035265654325485,
          -0.2488393633589387,
          -0.9652058482419752,
          -6.500000476587158
        ],
        [
          1.013942179639753e-09,
          0.9683369994412353,
          -0.2496466039646061,
          2.50000000065
        ],
        [
          0.0,
          0.0,
          0.0,
          1.0
        ]
      ]
    },
    {
      "file_path": "images/030.exr",
      "transform_matrix": [
        [
          -0.9968774318695068,
          0.0747571513056755,
          -0.025431782007217407,
          -11.69999885559082
        ],
        [
          -0.07896459102630615,
          -0.9437611102735796,
          0.32105994234015517,
          -6.49999999975
        ],
        [
          -1.6515050453381514e-09,
          0.3220656217088323,
          0.94671738144525,
          2.50000000065
        ],
        [
          0.0,
          0.0,
          0.0,
          1.0
        ]
      ]
    },
    {
      "file_path": "images/031.exr",
      "transform_matrix": [
        [
          -0.31971654295921326,
          -0.4556097090244293,
          -0.8307834267616272,
          -11.699999809265137
        ],
        [
          -0.947513222694397,
          0.1537350119037052,
          0.28032875056226675,
          -6.500000476587158
        ],
        [
          3.5529335151657568e-09,
          0.8768039941633985,
          -0.4808478951734491,
          2.499999762231421
        ],
        [
          0.0,
          0.0,
          0.0,
          1.0
        ]
      ]
    }
  ]
}