{
  "camera_angle_x": 0.8203047484373349,
  "camera_angle_y": 1.0936384941593256,
  "f1_x": 1149.9212736181285,
  "f1_y": 1149.9212736181285,
  "w": 1000,
  "h": 1400,
  "aabb_scale": 2,
  "k1": 0,
  "k2": 0,
  "p1": 0,
  "p2": 0,
  "cx": 500.0,
  "cy": 700.0,
  "frames": [
    {
      "file_path": "./000.exr",
      "transform_matrix": [
        [
          0.7793719172477722,
          0.464583158493042,
          -0.4204068183898926,
          -0.7264418059354486
        ],
        [
          -0.6265615820884705,
          0.5778890252784317,
          -0.5229386686537267,
          -0.40191293689769086
        ],
        [
          -1.0243904774640686e-08,
          0.6709744333642997,
          0.7414804101513234,
          1.8331091424371175
        ],
        [
          0.0,
          0.0,
          0.0,
          1.0
        ]
      ]
    },
    {
      "file_path": "./001.exr",
      "transform_matrix": [
        [
          -0.9991554617881775,
          -0.007639718241989613,
          0.04037242755293846,
          0.06976151739206249
        ],
        [
          0.04108890891075134,
          -0.18577437092969018,
          0.9817329049296344,
          2.198083471013593
        ],
        [
          3.872961005197859e-10,
          0.9825627207941817,
          0.18593139936643394,
          0.8731484667760755
        ],
        [
          0.0,
          0.0,
          0.0,
          1.0
        ]
      ]
    },
    {
      "file_path": "./002.exr",
      "transform_matrix": [
        [
          0.04810471460223198,
          -0.0237114317715168,
          -0.9985607862472534,
          -1.725462425016755
        ],
        [
          -0.9988422989845276,
          -0.001141953647747699,
          -0.04809115827320977,
          0.418599510350507
        ],
        [
          1.0736658623737224e-10,
          0.9997181892396162,
          -0.023738915095884588,
          0.5108488091592679
        ],
        [
          0.0,
          0.0,
          0.0,
          1.0
        ]
      ]
    },
    {
      "file_path": "./003.exr",
      "transform_matrix": [
        [
          0.9069161415100098,
          -0.3482802212238312,
          0.2370738536119461,
          0.40965164533161386
        ],
        [
          0.4213111996650696,
          0.7497093678083457,
          -0.5103260873921572,
          -0.3801190975519078
        ],
        [
          3.2855108163240752e-09,
          0.5627048610891221,
          0.8266578317198864,
          1.9802913419811372
        ],
        [
          0.0,
          0.0,
          0.0,
          1.0
        ]
      ]
    },
    {
      "file_path": "./004.exr",
      "transform_matrix": [
        [
          0.6148526072502136,
          -0.6432375907897949,
          0.45629122853279114,
          0.7884480724235684
        ],
        [
          0.7886420488357544,
          0.5014902353865321,
          -0.35574039808700114,
          -0.11300278097512832
        ],
        [
          -1.1241135318832123e-08,
          0.5785783528780126,
          0.8156268000958462,
          1.961230377660998
        ],
        [
          0.0,
          0.0,
          0.0,
          1.0
        ]
      ]
    },
    {
      "file_path": "./005.exr",
      "transform_matrix": [
        [
          0.9763690829277039,
          -0.001501221559010446,
          -0.2161046862602234,
          -0.37341794758696173
        ],
        [
          -0.21610990166664124,
          -0.006782411032010243,
          -0.9763454794890675,
          -1.1853769221116184
        ],
        [
          7.469093170388875e-11,
          0.9999758601195442,
          -0.006946565020052431,
          0.5398651734871501
        ],
        [
          0.0,
          0.0,
          0.0,
          1.0
        ]
      ]
    },
    {
      "file_path": "./006.exr",
      "transform_matrix": [
        [
          -0.9627026915550232,
          -0.2222931683063507,
          0.1542377471923828,
          0.26651501565104374
        ],
        [
          0.2705615162849426,
          -0.7909559010889285,
          0.5488034487592229,
          1.4500032047916736
        ],
        [
          -1.0896621570553237e-09,
          0.5700653196172121,
          0.8215993046211756,
          1.9715506965890288
        ],
        [
          0.0,
          0.0,
          0.0,
          1.0
        ]
      ]
    },
    {
      "file_path": "./007.exr",
      "transform_matrix": [
        [
          -0.6472384929656982,
          0.005380164831876755,
          0.762268602848053,
          1.3171615118505084
        ],
        [
          0.7622876167297363,
          0.004568157817583081,
          0.6472223997109031,
          1.6200659870005845
        ],
        [
          -4.045538018072401e-10,
          0.999975085258027,
          -0.007057920628688281,
          0.5396727377714774
        ],
        [
          0.0,
          0.0,
          0.0,
          1.0
        ]
      ]
    },
    {
      "file_path": "./008.exr",
      "transform_matrix": [
        [
          -0.6336731910705566,
          -0.484823077917099,
          0.6028307676315308,
          1.0416610484285005
        ],
        [
          0.7736008167266846,
          -0.39712905875996535,
          0.49379169947215584,
          1.354945649906659
        ],
        [
          -5.201545608417797e-09,
          0.7792528868118687,
          0.6267095803720686,
          1.6347907903350796
        ],
        [
          0.0,
          0.0,
          0.0,
          1.0
        ]
      ]
    },
    {
      "file_path": "./009.exr",
      "transform_matrix": [
        [
          0.7860580086708069,
          -0.012820226140320301,
          -0.6180198192596436,
          -1.0679069069094842
        ],
        [
          -0.6181527972221375,
          -0.01630250727073187,
          -0.7858889102956531,
          -0.8562775920609887
        ],
        [
          2.2230734891980615e-10,
          0.9997849464432806,
          -0.020739573906749315,
          0.5160315520028103
        ],
        [
          0.0,
          0.0,
          0.0,
          1.0
        ]
      ]
    },
    {
      "file_path": "./010.exr",
      "transform_matrix": [
        [
          -0.8190526366233826,
          -0.2936951518058777,
          0.4928447902202606,
          0.8516108175050465
        ],
        [
          0.5737184286117554,
          -0.41928541651718476,
          0.703595638326338,
          1.7174762110654502
        ],
        [
          -1.844884152813133e-08,
          0.8590360284270909,
          0.5119151472341753,
          1.436431960904021
        ],
        [
          0.0,
          0.0,
          0.0,
          1.0
        ]
      ]
    },
    {
      "file_path": "./011.exr",
      "transform_matrix": [
        [
          -0.4659191071987152,
          0.00510082021355629,
          0.884812593460083,
          1.5289113978300273
        ],
        [
          0.8848273158073425,
          0.0026859132176008126,
          0.46591132879199554,
          1.3067698070249398
        ],
        [
          -1.303351215724546e-10,
          0.9999833703038391,
          -0.005764763383219812,
          0.5419072280294016
        ],
        [
          0.0,
          0.0,
          0.0,
          1.0
        ]
      ]
    },
    {
      "file_path": "./012.exr",
      "transform_matrix": [
        [
          -0.8733474612236023,
          -0.24412088096141815,
          0.421508252620697,
          0.7283449646383575
        ],
        [
          0.48709774017333984,
          -0.4376993476479166,
          0.755748033573677,
          1.8075928354040343
        ],
        [
          1.979035905676018e-10,
          0.865346372171303,
          0.50117433063579,
          1.4178724196150443
        ],
        [
          0.0,
          0.0,
          0.0,
          1.0
        ]
      ]
    },
    {
      "file_path": "./013.exr",
      "transform_matrix": [
        [
          0.4489300847053528,
          -0.004002981353551149,
          -0.8935579061508179,
          -1.544022794669707
        ],
        [
          -0.8935668468475342,
          -0.002011106948020766,
          -0.4489255845551202,
          -0.2740220788549075
        ],
        [
          2.2539737331296437e-11,
          0.999989926815234,
          -0.004479777954329717,
          0.5441276517761023
        ],
        [
          0.0,
          0.0,
          0.0,
          1.0
        ]
      ]
    },
    {
      "file_path": "./014.exr",
      "transform_matrix": [
        [
          -0.2746315598487854,
          0.3938140571117401,
          -0.8772046566009521,
          -1.5157652155757433
        ],
        [
          -0.9615495800971985,
          -0.11247861376222636,
          0.2505415082387406,
          0.9346215888924982
        ],
        [
          4.074148012043771e-09,
          0.9122822880857413,
          0.40956190225956807,
          1.2595706863755447
        ],
        [
          0.0,
          0.0,
          0.0,
          1.0
        ]
      ]
    },
    {
      "file_path": "./015.exr",
      "transform_matrix": [
        [
          0.9195135235786438,
          -0.0022171156015247107,
          -0.3930521309375763,
          -0.6791741703807218
        ],
        [
          -0.3930583894252777,
          -0.005186679207372961,
          -0.9194989204412379,
          -1.0871489193054686
        ],
        [
          1.6908496020241871e-10,
          0.9999840855603637,
          -0.005640677550127308,
          0.5421217205750294
        ],
        [
          0.0,
          0.0,
          0.0,
          1.0
        ]
      ]
    },
    {
      "file_path": "./016.exr",
      "transform_matrix": [
        [
          0.494255393743515,
          0.37985581159591675,
          -0.7819342613220215,
          -1.3511427772282942
        ],
        [
          -0.8693167567253113,
          0.21596935400420902,
          -0.4445735215703788,
          -0.2665019057965273
        ],
        [
          1.4413042969249748e-09,
          0.8994814157269992,
          0.43695902828847594,
          1.3069115259826927
        ],
        [
          0.0,
          0.0,
          0.0,
          1.0
        ]
      ]
    },
    {
      "file_path": "./017.exr",
      "transform_matrix": [
        [
          -0.06635784357786179,
          0.7522693276405334,
          -0.6555055379867554,
          -1.1326804255760021
        ],
        [
          -0.9977958798408508,
          -0.050029233032334725,
          0.04359401397495786,
          0.5770268387935836
        ],
        [
          6.286414394474361e-10,
          0.6569535732319316,
          0.7539311051325119,
          1.8546230603591949
        ],
        [
          0.0,
          0.0,
          0.0,
          1.0
        ]
      ]
    },
    {
      "file_path": "./018.exr",
      "transform_matrix": [
        [
          -0.030864764004945755,
          0.004466548562049866,
          0.9995136260986328,
          1.7271087001166792
        ],
        [
          0.9995235800743103,
          0.00013792478234797947,
          0.030864454805404114,
          0.5550308272948887
        ],
        [
          -9.033816881854148e-11,
          0.9999900460243087,
          -0.00446867803420317,
          0.544146837821861
        ],
        [
          0.0,
          0.0,
          0.0,
          1.0
        ]
      ]
    },
    {
      "file_path": "./019.exr",
      "transform_matrix": [
        [
          -0.8827434182167053,
          -0.006703732535243034,
          -0.469807505607605,
          -0.8118035717210359
        ],
        [
          -0.46985533833503723,
          0.01259467667654461,
          0.8826535344109573,
          2.0268792814313707
        ],
        [
          -4.197522218313116e-10,
          0.999898254870109,
          -0.014267651452472628,
          0.5272146724402156
        ],
        [
          0.0,
          0.0,
          0.0,
          1.0
        ]
      ]
    },
    {
      "file_path": "./020.exr",
      "transform_matrix": [
        [
          -0.10581877827644348,
          0.01692783087491989,
          -0.9942412972450256,
          -1.7179986860465213
        ],
        [
          -0.9943854212760925,
          -0.00180139650371053,
          0.10580345243385796,
          0.6845216459254534
        ],
        [
          1.1566167042473841e-10,
          0.9998551011087312,
          0.017023410637527183,
          0.5812840538919438
        ],
        [
          0.0,
          0.0,
          0.0,
          1.0
        ]
      ]
    },
    {
      "file_path": "./021.exr",
      "transform_matrix": [
        [
          -0.9981061816215515,
          0.0003210876020602882,
          0.06151440739631653,
          0.10629377235083713
        ],
        [
          0.06151524558663368,
          0.005209757580768999,
          0.9980925917620208,
          2.2263520545872266
        ],
        [
          6.529640945463745e-12,
          0.9999864101404702,
          -0.005219642638386586,
          0.5428491663788585
        ],
        [
          0.0,
          0.0,
          0.0,
          1.0
        ]
      ]
    },
    {
      "file_path": "./022.exr",
      "transform_matrix": [
        [
          0.4338517487049103,
          -0.8671717643737793,
          0.24451133608818054,
          0.4225031937197815
        ],
        [
          0.9009842276573181,
          0.4175699949535909,
          -0.11773976673991922,
          0.29825026020825074
        ],
        [
          3.884375652958794e-09,
          0.2713824510156771,
          0.9624715447543583,
          2.2149705176288434
        ],
        [
          0.0,
          0.0,
          0.0,
          1.0
        ]
      ]
    },
    {
      "file_path": "./023.exr",
      "transform_matrix": [
        [
          -0.6224548816680908,
          0.005464178044348955,
          0.7826365828514099,
          1.3523563357505706
        ],
        [
          0.782655656337738,
          0.004345723062168409,
          0.6224397420876198,
          1.5772430262797053
        ],
        [
          -2.0015118482336363e-10,
          0.9999756216998523,
          -0.006981586168365519,
          0.5398046962367453
        ],
        [
          0.0,
          0.0,
          0.0,
          1.0
        ]
      ]
    },
    {
      "file_path": "./024.exr",
      "transform_matrix": [
        [
          -0.9681784510612488,
          -0.21410109102725983,
          0.12958082556724548,
          0.2239091069817325
        ],
        [
          0.25026077032089233,
          -0.8282881974656167,
          0.501306474294383,
          1.3679308792408142
        ],
        [
          5.837383981261611e-11,
          0.5177831650608562,
          0.8555118441080419,
          2.030149631033475
        ],
        [
          0.0,
          0.0,
          0.0,
          1.0
        ]
      ]
    },
    {
      "file_path": "./025.exr",
      "transform_matrix": [
        [
          -0.5199056267738342,
          -0.005641941446810961,
          -0.8542050719261169,
          -1.4760230399537848
        ],
        [
          -0.8542237281799316,
          0.0034338513923546756,
          0.5198943018906664,
          1.4000497024637117
        ],
        [
          6.579212413162816e-11,
          0.9999781846996688,
          -0.006604758608921645,
          0.5404557806406473
        ],
        [
          0.0,
          0.0,
          0.0,
          1.0
        ]
      ]
    },
    {
      "file_path": "./026.exr",
      "transform_matrix": [
        [
          0.31214579939842224,
          0.010363992303609848,
          0.9499776363372803,
          1.6415133037418996
        ],
        [
          0.9500342011451721,
          -0.003405221172265897,
          -0.3121272325526656,
          -0.037641408113507545
        ],
        [
          1.4866285362119764e-10,
          0.9999404549602099,
          -0.010909072092255197,
          0.5330181177247112
        ],
        [
          0.0,
          0.0,
          0.0,
          1.0
        ]
      ]
    },
    {
      "file_path": "./027.exr",
      "transform_matrix": [
        [
          -0.530348539352417,
          0.020449478179216385,
          0.8475330471992493,
          1.464494138300746
        ],
        [
          0.8477796912193298,
          0.012792650710179421,
          0.5301941633200367,
          1.4178473486961491
        ],
        [
          1.6496419525112996e-10,
          0.9997090101229272,
          -0.024121215620012182,
          0.5101882033773897
        ],
        [
          0.0,
          0.0,
          0.0,
          1.0
        ]
      ]
    },
    {
      "file_path": "./028.exr",
      "transform_matrix": [
        [
          0.7561618685722351,
          -0.00390674127265811,
          -0.6543729305267334,
          -1.1307233447608631
        ],
        [
          -0.6543846130371094,
          -0.004514361631709824,
          -0.7561483979231128,
          -0.8048874746634493
        ],
        [
          1.8705324052512408e-10,
          0.9999821782116636,
          -0.005970099865281188,
          0.54155245232026
        ],
        [
          0.0,
          0.0,
          0.0,
          1.0
        ]
      ]
    },
    {
      "file_path": "./029.exr",
      "transform_matrix": [
        [
          -0.9837378859519958,
          -0.004699727986007929,
          -0.17954860627651215,
          -0.3102508963918184
        ],
        [
          -0.17961010336875916,
          0.0257407614098279,
          0.9834010601017535,
          2.200965887773033
        ],
        [
          -1.0593105145214513e-10,
          0.9996575713131913,
          -0.026166278967253764,
          0.5066544150425617
        ],
        [
          0.0,
          0.0,
          0.0,
          1.0
        ]
      ]
    },
    {
      "file_path": "./030.exr",
      "transform_matrix": [
        [
          -0.9772047400474548,
          -0.20701992511749268,
          0.047049302607774734,
          0.08129879204389497
        ],
        [
          0.21229904890060425,
          -0.9529051184432618,
          0.2165662051222326,
          0.8759139491067935
        ],
        [
          -1.8430980074730377e-09,
          0.22161805639259277,
          0.9751335382244981,
          2.23684959402986
        ],
        [
          0.0,
          0.0,
          0.0,
          1.0
        ]
      ]
    },
    {
      "file_path": "./031.exr",
      "transform_matrix": [
        [
          0.9973354935646057,
          0.06883537024259567,
          -0.024157552048563957,
          -0.04174302628829038
        ],
        [
          -0.07295132428407669,
          0.9410653114649994,
          -0.33026385297876215,
          -0.06898059747992721
        ],
        [
          -3.547255026593417e-10,
          0.33114621033794606,
          0.9435794949861819,
          2.182325965660883
        ],
        [
          0.0,
          0.0,
          0.0,
          1.0
        ]
      ]
    },
    {
      "file_path": "./032.exr",
      "transform_matrix": [
        [
          -0.44616687297821045,
          0.007150576915591955,
          0.8949212431907654,
          1.5463786216102462
        ],
        [
          0.8949497938156128,
          0.0035648374886911058,
          0.44615259766498777,
          1.2726277800699344
        ],
        [
          8.940196602074138e-11,
          0.9999681115146887,
          -0.007989919789047235,
          0.5380622991411332
        ],
        [
          0.0,
          0.0,
          0.0,
          1.0
        ]
      ]
    },
    {
      "file_path": "./033.exr",
      "transform_matrix": [
        [
          0.26725250482559204,
          0.4470488727092743,
          -0.8536530137062073,
          -1.4750690922398146
        ],
        [
          -0.963626503944397,
          0.12398467966832234,
          -0.2367524057162801,
          0.09260246614545267
        ],
        [
          -1.362925143340821e-09,
          0.8858753442640298,
          0.46392336490137603,
          1.3535045370272898
        ],
        [
          0.0,
          0.0,
          0.0,
          1.0
        ]
      ]
    },
    {
      "file_path": "./034.exr",
      "transform_matrix": [
        [
          -0.4730149507522583,
          -0.004796436522156,
          -0.8810412883758545,
          -1.5223948124833147
        ],
        [
          -0.8810543417930603,
          0.002575081174608883,
          0.4730079770082752,
          1.3190324704465892
        ],
        [
          2.530429911984206e-10,
          0.9999852180478382,
          -0.005443973514054761,
          0.5424615683940125
        ],
        [
          0.0,
          0.0,
          0.0,
          1.0
        ]
      ]
    },
    {
      "file_path": "./035.exr",
      "transform_matrix": [
        [
          0.9544983506202698,
          0.25655701756477356,
          -0.15202432870864868,
          -0.2626903494164413
        ],
        [
          -0.29821619391441345,
          0.8211601377043287,
          -0.48658314338664094,
          -0.3390924321406513
        ],
        [
          -1.3677670895681404e-09,
          0.5097789167536689,
          0.8603054285536021,
          2.038432680067782
        ],
        [
          0.0,
          0.0,
          0.0,
          1.0
        ]
      ]
    },
    {
      "file_path": "./036.exr",
      "transform_matrix": [
        [
          -0.8176418542861938,
          0.02111905999481678,
          -0.5753396153450012,
          -0.9941577249191635
        ],
        [
          -0.5757271647453308,
          -0.029993077640140496,
          0.8170916438139405,
          1.9135915551585534
        ],
        [
          -1.3520419259916523e-09,
          0.9993270039588403,
          0.03668241567189381,
          0.6152538361770487
        ],
        [
          0.0,
          0.0,
          0.0,
          1.0
        ]
      ]
    },
    {
      "file_path": "./037.exr",
      "transform_matrix": [
        [
          0.6336078643798828,
          -0.08941910415887833,
          0.7684694528579712,
          1.3278763666379896
        ],
        [
          0.7736544013023376,
          0.07323250929513442,
          -0.6293615102652365,
          -0.5858062387650459
        ],
        [
          7.796565623839856e-10,
          0.9932981133387766,
          0.11558017886018118,
          0.7515852036852996
        ],
        [
          0.0,
          0.0,
          0.0,
          1.0
        ]
      ]
    },
    {
      "file_path": "./038.exr",
      "transform_matrix": [
        [
          0.9797601103782654,
          0.12268085032701492,
          -0.15817540884017944,
          -0.27331910585347163
        ],
        [
          -0.20017504692077637,
          0.6004635096386499,
          -0.7741922139508592,
          -0.8360662254695574
        ],
        [
          9.319005752435326e-09,
          0.7901854514475221,
          0.6128678918659018,
          1.610873104194864
        ],
        [
          0.0,
          0.0,
          0.0,
          1.0
        ]
      ]
    },
    {
      "file_path": "./039.exr",
      "transform_matrix": [
        [
          -0.7974667549133301,
          0.4123345911502838,
          -0.44048482179641724,
          -0.7611354938962928
        ],
        [
          -0.6033627986907959,
          -0.5449840425714958,
          0.582190334865245,
          1.507694027677742
        ],
        [
          -3.095365193046898e-09,
          0.7300496697970826,
          0.6833940743817835,
          1.7327388000460744
        ],
        [
          0.0,
          0.0,
          0.0,
          1.0
        ]
      ]
    },
    {
      "file_path": "./040.exr",
      "transform_matrix": [
        [
          0.03466448187828064,
          0.00756087014451623,
          0.9993703961372375,
          1.7268612421180507
        ],
        [
          0.9993990063667297,
          -0.00026225116930797765,
          -0.03466349095181779,
          0.44180185554140916
        ],
        [
          -1.1182760112522958e-10,
          0.999971389770534,
          -0.0075654163921978655,
          0.5387958217642337
        ],
        [
          0.0,
          0.0,
          0.0,
          1.0
        ]
      ]
    },
    {
      "file_path": "./041.exr",
      "transform_matrix": [
        [
          -0.9876135587692261,
          -0.0011369092389941216,
          -0.15690168738365173,
          -0.27111815546775847
        ],
        [
          -0.15690581500530243,
          0.007156057848940947,
          0.987587690352669,
          2.208199967351057
        ],
        [
          4.980011743999935e-11,
          0.9999737143509384,
          -0.007245807541572889,
          0.5393480567423058
        ],
        [
          0.0,
          0.0,
          0.0,
          1.0
        ]
      ]
    },
    {
      "file_path": "./042.exr",
      "transform_matrix": [
        [
          0.757966935634613,
          0.003995372448116541,
          0.6522807478904724,
          1.1271081231103668
        ],
        [
          0.6522929668426514,
          -0.004642638277847151,
          -0.757952749729769,
          -0.8080052923399315
        ],
        [
          -3.0784549475639016e-11,
          0.9999812841420048,
          -0.006125119438968074,
          0.5412845642048871
        ],
        [
          0.0,
          0.0,
          0.0,
          1.0
        ]
      ]
    },
    {
      "file_path": "./043.exr",
      "transform_matrix": [
        [
          0.9742215275764465,
          -0.13088871538639069,
          0.18374069035053253,
          0.31749461687661246
        ],
        [
          0.2255936563014984,
          0.5652402044157067,
          -0.7934803366080875,
          -0.8693953538612433
        ],
        [
          -4.302204894346838e-09,
          0.8144763707549384,
          0.5801967979270959,
          1.5544190928243156
        ],
        [
          0.0,
          0.0,
          0.0,
          1.0
        ]
      ]
    },
    {
      "file_path": "./044.exr",
      "transform_matrix": [
        [
          0.1019817367196083,
          -0.5399409532546997,
          0.8355019092559814,
          1.4437048913649253
        ],
        [
          0.994786262512207,
          0.055352710271423244,
          -0.08565250778730998,
          0.35369542084640787
        ],
        [
          1.4022771963195796e-09,
          0.8398808836881598,
          0.5427708029832662,
          1.4897488250720392
        ],
        [
          0.0,
          0.0,
          0.0,
          1.0
        ]
      ]
    },
    {
      "file_path": "./045.exr",
      "transform_matrix": [
        [
          -0.7209367156028748,
          0.010339833796024323,
          0.6929237246513367,
          1.197337200716485
        ],
        [
          0.6930009126663208,
          0.01075664731428236,
          0.7208564281448703,
          1.7473020766652558
        ],
        [
          -4.888036400148908e-10,
          0.9998887181271287,
          -0.014920376313292771,
          0.5260868534535426
        ],
        [
          0.0,
          0.0,
          0.0,
          1.0
        ]
      ]
    },
    {
      "file_path": "./046.exr",
      "transform_matrix": [
        [
          -0.2490091174840927,
          -0.1175672635436058,
          0.9613388180732727,
          1.6611447802502626
        ],
        [
          0.9685011506080627,
          -0.030227452417295304,
          0.2471676468970573,
          0.9287917807798876
        ],
        [
          1.2487966931234224e-09,
          0.9926047325164504,
          0.12139094618471392,
          0.7616259123041758
        ],
        [
          0.0,
          0.0,
          0.0,
          1.0
        ]
      ]
    },
    {
      "file_path": "./047.exr",
      "transform_matrix": [
        [
          0.7954893708229065,
          0.003962771967053413,
          0.6059545278549194,
          1.0470587140621572
        ],
        [
          0.6059674620628357,
          -0.005202165239144216,
          -0.7954723834997994,
          -0.872837374152368
        ],
        [
          7.66186975762058e-12,
          0.9999786019330459,
          -0.006539578004355353,
          0.5405684096631354
        ],
        [
          0.0,
          0.0,
          0.0,
          1.0
        ]
      ]
    },
    {
      "file_path": "./048.exr",
      "transform_matrix": [
        [
          -0.5738880634307861,
          -0.00619568582624197,
          -0.8189103603363037,
          -1.415035456421736
        ],
        [
          -0.8189337253570557,
          0.004341779842387064,
          0.5738716125480716,
          1.4933197416867403
        ],
        [
          2.049313331293847e-11,
          0.9999713897700736,
          -0.007565551960485988,
          0.538795582430545
        ],
        [
          0.0,
          0.0,
          0.0,
          1.0
        ]
      ]
    },
    {
      "file_path": "./049.exr",
      "transform_matrix": [
        [
          0.11123277246952057,
          0.07228415459394455,
          -0.991162121295929,
          -1.7126778606189352
        ],
        [
          -0.9937943816184998,
          0.008090574394063821,
          -0.11093814670312226,
          0.31000307961813967
        ],
        [
          2.500328250455891e-10,
          0.9973512291900174,
          0.07273552567876121,
          0.6775517702577855
        ],
        [
          0.0,
          0.0,
          0.0,
          1.0
        ]
      ]
    },
    {
      "file_path": "./050.exr",
      "transform_matrix": [
        [
          -0.7038663625717163,
          -0.005426381248980761,
          -0.7103116512298584,
          -1.227382582512837
        ],
        [
          -0.7103323340415955,
          0.005376986327926686,
          0.7038458585731496,
          1.7179085447876628
        ],
        [
          -2.6266877118730815e-10,
          0.9999708533281672,
          -0.00763921400120005,
          0.5386683606721323
        ],
        [
          0.0,
          0.0,
          0.0,
          1.0
        ]
      ]
    },
    {
      "file_path": "./051.exr",
      "transform_matrix": [
        [
          0.07019449770450592,
          0.2991039454936981,
          -0.9516352415084839,
          -1.6443773477863506
        ],
        [
          -0.9975333213806152,
          0.021047366878421726,
          -0.06696473059039985,
          0.3859869432571276
        ],
        [
          -3.205674655466564e-10,
          0.9539883732774668,
          0.2998435795374124,
          1.0699829321145997
        ],
        [
          0.0,
          0.0,
          0.0,
          1.0
        ]
      ]
    },
    {
      "file_path": "./052.exr",
      "transform_matrix": [
        [
          0.03657105192542076,
          0.05932126194238663,
          -0.9975687861442566,
          -1.7237484003951644
        ],
        [
          -0.9993310570716858,
          0.0021708934634782815,
          -0.03650656341912799,
          0.438617101731878
        ],
        [
          1.3940586890144422e-10,
          0.998236596584103,
          0.05936097354061889,
          0.6544412409693008
        ],
        [
          0.0,
          0.0,
          0.0,
          1.0
        ]
      ]
    },
    {
      "file_path": "./053.exr",
      "transform_matrix": [
        [
          -0.6058316230773926,
          0.0038988091982901096,
          0.7955833077430725,
          1.374727744538411
        ],
        [
          0.7955929040908813,
          0.002968882776212784,
          0.6058243513102399,
          1.5485323483371043
        ],
        [
          -6.186903280777519e-11,
          0.9999879598614585,
          -0.004900507689500134,
          0.5434006360700341
        ],
        [
          0.0,
          0.0,
          0.0,
          1.0
        ]
      ]
    },
    {
      "file_path": "./054.exr",
      "transform_matrix": [
        [
          -0.7903872132301331,
          -0.011151633225381374,
          -0.612506091594696,
          -1.0583795825794584
        ],
        [
          -0.6126075983047485,
          0.014387853543606027,
          0.7902562022190964,
          1.867221409373591
        ],
        [
          -4.548828914152058e-11,
          0.9998342990860857,
          -0.018203551028718352,
          0.5204136443790266
        ],
        [
          0.0,
          0.0,
          0.0,
          1.0
        ]
      ]
    },
    {
      "file_path": "./055.exr",
      "transform_matrix": [
        [
          0.6898735761642456,
          0.33613112568855286,
          -0.6411632895469666,
          -1.1078977845184632
        ],
        [
          -0.7239299416542053,
          0.32031825193678787,
          -0.6110005974305278,
          -0.5540795109049921
        ],
        [
          -1.4496976710515555e-08,
          0.8856704234756586,
          0.4643144608154946,
          1.3541803098631546
        ],
        [
          0.0,
          0.0,
          0.0,
          1.0
        ]
      ]
    },
    {
      "file_path": "./056.exr",
      "transform_matrix": [
        [
          0.5702996253967285,
          0.007262439467012882,
          0.8214046359062195,
          1.4193454934349707
        ],
        [
          0.8214367628097534,
          -0.0050421002252306795,
          -0.5702773332604666,
          -0.48371177652061226
        ],
        [
          1.5305068090687423e-10,
          0.9999609589581764,
          -0.008841142001344759,
          0.5365914265801398
        ],
        [
          0.0,
          0.0,
          0.0,
          1.0
        ]
      ]
    },
    {
      "file_path": "./057.exr",
      "transform_matrix": [
        [
          0.7584996819496155,
          -0.6199688911437988,
          0.20079044997692108,
          0.34695577866286137
        ],
        [
          0.651673436164856,
          0.7215979695628244,
          -0.2337052523138464,
          0.0978677188681284
        ],
        [
          5.1205449550037575e-09,
          0.3081151544326162,
          0.9513490796322878,
          2.1957516625210625
        ],
        [
          0.0,
          0.0,
          0.0,
          1.0
        ]
      ]
    },
    {
      "file_path": "./058.exr",
      "transform_matrix": [
        [
          0.21490080654621124,
          0.6698580980300903,
          -0.7107093334197998,
          -1.2280697425623928
        ],
        [
          -0.9766358733177185,
          0.14739683277731525,
          -0.1563858240156936,
          0.23147186281711657
        ],
        [
          -5.862665523735407e-09,
          0.7277116775365299,
          0.6858831644214614,
          1.737039746502527
        ],
        [
          0.0,
          0.0,
          0.0,
          1.0
        ]
      ]
    },
    {
      "file_path": "./059.exr",
      "transform_matrix": [
        [
          0.696270763874054,
          -0.03021114319562912,
          -0.7171432375907898,
          -1.2391870754404506
        ],
        [
          -0.717779278755188,
          -0.029305852849707905,
          -0.6956536769909033,
          -0.7003557520692383
        ],
        [
          8.688454569095031e-10,
          0.99911379814441,
          -0.04208974160748045,
          0.4791395451545672
        ],
        [
          0.0,
          0.0,
          0.0,
          1.0
        ]
      ]
    },
    {
      "file_path": "./060.exr",
      "transform_matrix": [
        [
          0.7300260066986084,
          0.002712058136239648,
          0.6834139823913574,
          1.1809046882043133
        ],
        [
          0.6834193468093872,
          -0.0028970103176558888,
          -0.7300202846531068,
          -0.7597394517915245
        ],
        [
          -9.439537578627713e-11,
          0.9999921321871793,
          -0.003968365883095807,
          0.545011266348779
        ],
        [
          0.0,
          0.0,
          0.0,
          1.0
        ]
      ]
    },
    {
      "file_path": "./061.exr",
      "transform_matrix": [
        [
          0.1539192795753479,
          0.014908194541931152,
          0.9879709482192993,
          1.7071637385334877
        ],
        [
          0.9880834221839905,
          -0.0023223326007258452,
          -0.15390175581129273,
          0.23576412502893115
        ],
        [
          -3.102765267266204e-11,
          0.9998861551287113,
          -0.015087991006183367,
          0.5257971478464413
        ],
        [
          0.0,
          0.0,
          0.0,
          1.0
        ]
      ]
    },
    {
      "file_path": "./062.exr",
      "transform_matrix": [
        [
          0.9322311282157898,
          -0.001603625132702291,
          -0.3618599474430084,
          -0.6252756460843242
        ],
        [
          -0.36186349391937256,
          -0.004131251380431334,
          -0.9322219491009376,
          -1.1091336390859627
        ],
        [
          -2.906593035777924e-11,
          0.99999022483867,
          -0.0044315749778444154,
          0.5442109033904746
        ],
        [
          0.0,
          0.0,
          0.0,
          1.0
        ]
      ]
    },
    {
      "file_path": "./063.exr",
      "transform_matrix": [
        [
          0.44950637221336365,
          0.17745479941368103,
          -0.8754734396934509,
          -1.5127738062582163
        ],
        [
          -0.8932771682739258,
          0.08929710845019123,
          -0.4405474066535658,
          -0.2595449486001614
        ],
        [
          5.6207297273189394e-09,
          0.9800692796617856,
          0.1986559331857631,
          0.8951358661621553
        ],
        [
          0.0,
          0.0,
          0.0,
          1.0
        ]
      ]
    },
    {
      "file_path": "./064.exr",
      "transform_matrix": [
        [
          0.9304718971252441,
          -0.0026305634528398514,
          -0.3663538992404938,
          -0.6330410043939533
        ],
        [
          -0.36636337637901306,
          -0.00668097696511874,
          -0.9304478764541176,
          -1.1060681646138686
        ],
        [
          6.359678843238566e-11,
          0.9999741911894804,
          -0.0071802035906295405,
          0.5394614514002504
        ],
        [
          0.0,
          0.0,
          0.0,
          1.0
        ]
      ]
    },
    {
      "file_path": "./065.exr",
      "transform_matrix": [
        [
          -0.7928580641746521,
          0.011304009705781937,
          0.6093014478683472,
          1.0528421117888038
        ],
        [
          0.6094062924385071,
          0.014706897649313995,
          0.792721688745551,
          1.8714815911596645
        ],
        [
          -3.678150490543888e-10,
          0.9998279809937075,
          -0.018549218853114034,
          0.519816338567526
        ],
        [
          0.0,
          0.0,
          0.0,
          1.0
        ]
      ]
    },
    {
      "file_path": "./066.exr",
      "transform_matrix": [
        [
          -0.8766620755195618,
          0.005027668084949255,
          0.4810803234577179,
          0.8312824204228201
        ],
        [
          0.48110657930374146,
          0.009161309439100632,
          0.8766142725934069,
          2.016443558501471
        ],
        [
          -1.3377397169006167e-10,
          0.9999454021444696,
          -0.010450217029196907,
          0.5338110644279008
        ],
        [
          0.0,
          0.0,
          0.0,
          1.0
        ]
      ]
    },
    {
