{
  "camera_angle_x": 0.8203047484373349,
  "camera_angle_y": 1.0936384941593256,
  "f1_x": 1149.9212736181285,
  "f1_y": 1149.9212736181285,
  "w": 1000,
  "h": 1400,
  "aabb_scale": 4,
  "k1": 0,
  "k2": 0,
  "p1": 0,
  "p2": 0,
  "cx": 500.0,
  "cy": 700.0,
  "frames": [
    {
      "file_path": "./000.exr",
      "transform_matrix": [
        [
          0.9868039488792419,
          0.08857572823762894,
          -0.13554416596889496,
          -0.23350412686865207
        ],
        [
          -0.16191935539245605,
          0.5398173333051465,
          -0.8260625004221336,
          -0.9228920115571545
        ],
        [
          -6.813967166298015e-10,
          0.8371090292390786,
          0.5470360518327894,
          1.4925850273781847
        ],
        [
          0.0,
          0.0,
          0.0,
          1.0
        ]
      ]
    },
    {
      "file_path": "./001.exr",
      "transform_matrix": [
        [
          -0.9587911367416382,
          -0.005011165980249643,
          -0.28406763076782227,
          -0.489367911143592
        ],
        [
          -0.2841118276119232,
          0.016911164026109024,
          0.9586420059186463,
          2.151647315570601
        ],
        [
          9.112501923776012e-11,
          0.9998444318754451,
          -0.017638005412121686,
          0.5198118532331258
        ],
        [
          0.0,
          0.0,
          0.0,
          1.0
        ]
      ]
    },
    {
      "file_path": "./002.exr",
      "transform_matrix": [
        [
          -0.36889582872390747,
          0.008721115998923779,
          0.929429829120636,
          1.601143761779317
        ],
        [
          0.9294707179069519,
          0.003461306549021479,
          0.36887958645726787,
          1.1356539201516958
        ],
        [
          -1.840844033131336e-11,
          0.9999560117718096,
          -0.009382883123688537,
          0.5340330854278034
        ],
        [
          0.0,
          0.0,
          0.0,
          1.0
        ]
      ]
    },
    {
      "file_path": "./003.exr",
      "transform_matrix": [
        [
          -0.28864577412605286,
          -0.007943064905703068,
          -0.9574030041694641,
          -1.6493335964325146
        ],
        [
          -0.9574359655380249,
          0.002394658846194383,
          0.2886358797541905,
          0.9974168889907112
        ],
        [
          6.011427165824143e-11,
          0.9999655485150803,
          -0.008296184270635288,
          0.535905151273518
        ],
        [
          0.0,
          0.0,
          0.0,
          1.0
        ]
      ]
    },
    {
      "file_path": "./004.exr",
      "transform_matrix": [
        [
          -0.09062894433736801,
          -0.008499113842844963,
          -0.9958484768867493,
          -1.7155642575176488
        ],
        [
          -0.9958847165107727,
          0.0007734488298839712,
          0.09062564372931015,
          0.6563014610371735
        ],
        [
          9.165156487695816e-11,
          0.9999635815619649,
          -0.008534234957518852,
          0.5354951151793379
        ],
        [
          0.0,
          0.0,
          0.0,
          1.0
        ]
      ]
    },
    {
      "file_path": "./005.exr",
      "transform_matrix": [
        [
          0.9975435733795166,
          0.03676965460181236,
          -0.05962157994508743,
          -0.10271106883668177
        ],
        [
          -0.07004812359809875,
          0.5236304403202531,
          -0.8490608930062848,
          -0.9625118240083533
        ],
        [
          1.9412109415347966e-09,
          0.8511516451312002,
          0.5249199272051148,
          1.454485153416829
        ],
        [
          0.0,
          0.0,
          0.0,
          1.0
        ]
      ]
    },
    {
      "file_path": "./006.exr",
      "transform_matrix": [
        [
          0.9945526123046875,
          -0.004945689346641302,
          -0.10411877930164337,
          -0.17936709882701596
        ],
        [
          -0.1042361706495285,
          -0.04718849425459908,
          -0.9934324622201682,
          -1.2112230633268912
        ],
        [
          -1.1015251448449134e-10,
          0.9988737702416879,
          -0.047446962346631094,
          0.46845945547906587
        ],
        [
          0.0,
          0.0,
          0.0,
          1.0
        ]
      ]
    },
    {
      "file_path": "./007.exr",
      "transform_matrix": [
        [
          -0.7589388489723206,
          0.5133324861526489,
          -0.4006264805793762,
          -0.6901656941802369
        ],
        [
          -0.6511619091033936,
          -0.5982966422419419,
          0.46693608172670625,
          1.304577643156674
        ],
        [
          -3.118200525035463e-09,
          0.6152486801745758,
          0.7883331179151899,
          1.9082713159166167
        ],
        [
          0.0,
          0.0,
          0.0,
          1.0
        ]
      ]
    },
    {
      "file_path": "./008.exr",
      "transform_matrix": [
        [
          0.10080797970294952,
          -0.013427023775875568,
          -0.9948152899742126,
          -1.713784445044543
        ],
        [
          -0.9949058890342712,
          -0.001360481504942838,
          -0.10079880058900369,
          0.3265314551339609
        ],
        [
          1.1117957331118742e-10,
          0.9999089241029192,
          -0.013495772135608652,
          0.5269477508893514
        ],
        [
          0.0,
          0.0,
          0.0,
          1.0
        ]
      ]
    },
    {
      "file_path": "./009.exr",
      "transform_matrix": [
        [
          0.9460024237632751,
          0.2567925751209259,
          -0.19783085584640503,
          -0.3408064221322923
        ],
        [
          -0.3241596519947052,
          0.7494035363807615,
          -0.5773342250985469,
          -0.49440382814290423
        ],
        [
          1.2399666302814157e-08,
          0.6102883218969529,
          0.7921794057469729,
          1.9148973396549993
        ],
        [
          0.0,
          0.0,
          0.0,
          1.0
        ]
      ]
    },
    {
      "file_path": "./010.exr",
      "transform_matrix": [
        [
          -0.7362700700759888,
          -0.004606402013450861,
          -0.6766721606254578,
          -1.1657141094188002
        ],
        [
          -0.6766878366470337,
          0.00501199449167746,
          0.7362529635422576,
          1.7685340945913581
        ],
        [
          8.056057845786245e-12,
          0.999976873397326,
          -0.00680727798403666,
          0.5384701189361105
        ],
        [
          0.0,
          0.0,
          0.0,
          1.0
        ]
      ]
    },
    {
      "file_path": "./011.exr",
      "transform_matrix": [
        [
          -0.31359201669692993,
          0.8071595430374146,
          -0.5001534819602966,
          -0.8616226160507062
        ],
        [
          -0.9495577812194824,
          -0.2665648757884685,
          0.1651759744540528,
          0.7847305865241927
        ],
        [
          -5.499450485590972e-09,
          0.5267225504188073,
          0.850037276728325,
          2.01457008167582
        ],
        [
          0.0,
          0.0,
          0.0,
          1.0
        ]
      ]
    },
    {
      "file_path": "./012.exr",
      "transform_matrix": [
        [
          -0.9808865189552307,
          -0.004518508445471525,
          -0.19452835619449615,
          -0.33511714700184275
        ],
        [
          -0.1945808231830597,
          0.022777905787662825,
          0.9806219935393954,
          2.1895125969710962
        ],
        [
          -1.8919573251869376e-10,
          0.9997303485847583,
          -0.023221755498362234,
          0.5101926517957763
        ],
        [
          0.0,
          0.0,
          0.0,
          1.0
        ]
      ]
    },
    {
      "file_path": "./013.exr",
      "transform_matrix": [
        [
          -0.824934184551239,
          0.4183787703514099,
          -0.38005635142326355,
          -0.6547292901189934
        ],
        [
          -0.5652288198471069,
          -0.6106110214514678,
          0.5546806455398702,
          1.4557365364474584
        ],
        [
          1.5589372559811375e-08,
          0.6723938584938309,
          0.7401936053675056,
          1.825340602639202
        ],
        [
          0.0,
          0.0,
          0.0,
          1.0
        ]
      ]
    },
    {
      "file_path": "./014.exr",
      "transform_matrix": [
        [
          0.6071580648422241,
          -0.002898959442973137,
          -0.7945758104324341,
          -1.3688285297991645
        ],
        [
          -0.7945810556411743,
          -0.002215162983747683,
          -0.607154071331389,
          -0.5457748296846859
        ],
        [
          1.0825455133002465e-10,
          0.9999933838846514,
          -0.003648412353179718,
          0.5439119225165139
        ],
        [
          0.0,
          0.0,
          0.0,
          1.0
        ]
      ]
    },
    {
      "file_path": "./015.exr",
      "transform_matrix": [
        [
          0.34933823347091675,
          0.37900444865226746,
          -0.8569238185882568,
          -1.4762364346472667
        ],
        [
          -0.9369966983795166,
          0.14130333075132065,
          -0.31948485966452245,
          -0.05020250444864373
        ],
        [
          3.4289926083191256e-09,
          0.9145430922366936,
          0.40448856356954616,
          1.2470160309647775
        ],
        [
          0.0,
          0.0,
          0.0,
          1.0
        ]
      ]
    }
  ]
}