{
  "camera_angle_x": 1.4504639315106735,
  "camera_angle_y": 0.9250245035569946,
  "f1_x": 1083.0724424598707,
  "f1_y": 1083.0724424598707,
  "w": 1920,
  "h": 1080,
  "aabb_scale": 4,
  "k1": 0,
  "k2": 0,
  "p1": 0,
  "p2": 0,
  "cx": 960.0,
  "cy": 540.0,
  "frames": [
    {
      "file_path": "./000.exr",
      "transform_matrix": [
        [
          -0.5688522458076477,
          -0.4501059353351593,
          0.68833988904953,
          -0.7117972469959939
        ],
        [
          0.8224397301673889,
          -0.3113222121355434,
          0.4761001468252054,
          -1.632325744729873
        ],
        [
          -1.1265168788216636e-08,
          0.8369487524343915,
          0.5472813248158238,
          0.5533148507462959
        ],
        [
          0.0,
          0.0,
          0.0,
          1.0
        ]
      ]
    },
    {
      "file_path": "./001.exr",
      "transform_matrix": [
        [
          0.3238280415534973,
          -0.3916380703449249,
          0.8612520098686218,
          -0.1995182903804521
        ],
        [
          0.9461159706115723,
          0.13404634604020327,
          -0.2947815656248044,
          -1.995761019426908
        ],
        [
          -5.456594906699725e-09,
          0.9103027582034533,
          0.41394302251902587,
          0.6744843019997677
        ],
        [
          0.0,
          0.0,
          0.0,
          1.0
        ]
      ]
    },
    {
      "file_path": "./002.exr",
      "transform_matrix": [
        [
          -0.8363954424858093,
          -0.2855393588542938,
          0.467878133058548,
          -0.490433483630574
        ],
        [
          0.5481265187263489,
          -0.43570932737397583,
          0.7139431238695375,
          -1.5674828344215357
        ],
        [
          8.834114271444627e-09,
          0.8535951376397013,
          0.5209370254756333,
          0.3594904946333888
        ],
        [
          0.0,
          0.0,
          0.0,
          1.0
        ]
      ]
    },
    {
      "file_path": "./003.exr",
      "transform_matrix": [
        [
          0.404957115650177,
          -0.34441420435905457,
          -0.8469879031181335,
          -1.2170954868949895
        ],
        [
          -0.9143356680870056,
          -0.1525402366188678,
          -0.3751289546866398,
          -1.3572363172851996
        ],
        [
          6.477720629112152e-09,
          0.9263424873504591,
          -0.37668246027056207,
          0.6804393968612177
        ],
        [
          0.0,
          0.0,
          0.0,
          1.0
        ]
      ]
    },
    {
      "file_path": "./004.exr",
      "transform_matrix": [
        [
          -0.6470498442649841,
          0.6447910070419312,
          -0.40690428018569946,
          0.33074272905376384
        ],
        [
          -0.762447714805603,
          -0.5472006797256845,
          0.34531852611415537,
          -2.1170438151944624
        ],
        [
          -2.1896724538361997e-09,
          0.5336815119336874,
          0.8456855415952594,
          0.5903301739022887
        ],
        [
          0.0,
          0.0,
          0.0,
          1.0
        ]
      ]
    },
    {
      "file_path": "./005.exr",
      "transform_matrix": [
        [
          0.8780299425125122,
          -0.11820457875728607,
          -0.46377915143966675,
          0.009833923534001298
        ],
        [
          -0.4786056876182556,
          -0.216853156588927,
          -0.850829720521829,
          -2.0371718478126
        ],
        [
          9.143353820179225e-09,
          0.9690213203647029,
          -0.24697694173887638,
          0.30156277192691
        ],
        [
          0.0,
          0.0,
          0.0,
          1.0
        ]
      ]
    },
    {
      "file_path": "./006.exr",
      "transform_matrix": [
        [
          0.5050234794616699,
          0.5786760449409485,
          -0.640379011631012,
          -0.9087449572960469
        ],
        [
          -0.8631055951118469,
          0.3385970295217503,
          -0.3747009038254713,
          -1.5789485419746347
        ],
        [
          1.4226768260309124e-08,
          0.7419475316662746,
          0.67045795921258,
          0.5373539493561004
        ],
        [
          0.0,
          0.0,
          0.0,
          1.0
        ]
      ]
    },
    {
      "file_path": "./007.exr",
      "transform_matrix": [
        [
          -0.7997034192085266,
          0.3229648470878601,
          -0.506130576133728,
          -0.6674755903473656
        ],
        [
          -0.6003952622413635,
          -0.4301767944446616,
          0.6741464734615374,
          -1.7280281795151218
        ],
        [
          3.995819233338476e-09,
          0.8429955840540956,
          0.5379204153340441,
          0.5399563478589839
        ],
        [
          0.0,
          0.0,
          0.0,
          1.0
        ]
      ]
    },
    {
      "file_path": "./008.exr",
      "transform_matrix": [
        [
          -0.12788993120193481,
          -0.3516082465648651,
          0.9273703694343567,
          -1.9421650090984186
        ],
        [
          0.9917883276939392,
          -0.045339465047791516,
          0.11958330873219877,
          -1.2005738713843837
        ],
        [
          -1.0504268102585185e-09,
          0.9350486397788564,
          0.35451942681070403,
          0.4201803126403415
        ],
        [
          0.0,
          0.0,
          0.0,
          1.0
        ]
      ]
    },
    {
      "file_path": "./009.exr",
      "transform_matrix": [
        [
          -0.9292627573013306,
          0.24914507567882538,
          -0.27275896072387695,
          -1.7764907941980128
        ],
        [
          -0.3694194257259369,
          -0.6267164944864072,
          0.6861163974482712,
          -1.1665758150853207
        ],
        [
          1.0963646819865932e-08,
          0.738344848218647,
          0.6744233369141154,
          0.5723249348584629
        ],
        [
          0.0,
          0.0,
          0.0,
          1.0
        ]
      ]
    },
    {
      "file_path": "./010.exr",
      "transform_matrix": [
        [
          0.9569677710533142,
          -0.07624226808547974,
          -0.27999964356422424,
          0.4374787575349759
        ],
        [
          -0.29019421339035034,
          -0.25142264356501204,
          -0.9233493209147922,
          -1.9844006579248885
        ],
        [
          -4.120447124402187e-09,
          0.9648698568595538,
          -0.2627284525901602,
          0.4451336306183378
        ],
        [
          0.0,
          0.0,
          0.0,
          1.0
        ]
      ]
    },
    {
      "file_path": "./011.exr",
      "transform_matrix": [
        [
          0.9769757390022278,
          -0.011387915350496769,
          0.21304647624492645,
          -1.3709990369300675
        ],
        [
          0.21335060894489288,
          0.05214757109733403,
          -0.9755830168670684,
          -1.3216007933058274
        ],
        [
          5.298099003415886e-10,
          0.998574495310337,
          0.05337652573804598,
          0.3926361453128532
        ],
        [
          0.0,
          0.0,
          0.0,
          1.0
        ]
      ]
    },
    {
      "file_path": "./012.exr",
      "transform_matrix": [
        [
          0.7290670275688171,
          0.09238360822200775,
          -0.6781788468360901,
          -0.05778712479918424
        ],
        [
          -0.6844422817230225,
          0.09840688864364437,
          -0.7223951816423861,
          -1.9413757720869214
        ],
        [
          -3.1812420639994387e-09,
          0.9908488392731488,
          0.13497647650313246,
          0.4220577353211237
        ],
        [
          0.0,
          0.0,
          0.0,
          1.0
        ]
      ]
    },
    {
      "file_path": "./013.exr",
      "transform_matrix": [
        [
          -0.8900922536849976,
          -0.11228802055120468,
          -0.4417320489883423,
          -1.0802383317054502
        ],
        [
          -0.45578041672706604,
          0.21928694853937686,
          0.8626571893445653,
          -1.5572456958485033
        ],
        [
          -1.646327237097633e-09,
          0.9691773056764661,
          -0.24636429556890121,
          0.359728147508574
        ],
        [
          0.0,
          0.0,
          0.0,
          1.0
        ]
      ]
    },
    {
      "file_path": "./014.exr",
      "transform_matrix": [
        [
          0.26353687047958374,
          0.49927714467048645,
          0.8253912329673767,
          -0.0518345513509997
        ],
        [
          0.9646493196487427,
          -0.13639976075675944,
          -0.22549232845713763,
          -1.9596847587862936
        ],
        [
          2.6710137507108805e-09,
          0.8556386232512498,
          -0.5175737142337374,
          0.5737933417668861
        ],
        [
          0.0,
          0.0,
          0.0,
          1.0
        ]
      ]
    },
    {
      "file_path": "./015.exr",
      "transform_matrix": [
        [
          -0.9351736903190613,
          -0.12574435770511627,
          -0.3311171233654022,
          -0.21587144971818578
        ],
        [
          -0.3541894853115082,
          0.33200538167765337,
          0.8742552399280294,
          -1.798991773153915
        ],
        [
          3.3078546072495587e-09,
          0.9348587393428676,
          -0.35502004632155637,
          0.45606238547286787
        ],
        [
          0.0,
          0.0,
          0.0,
          1.0
        ]
      ]
    },
    {
      "file_path": "./016.exr",
      "transform_matrix": [
        [
          0.9157877564430237,
          0.15579095482826233,
          -0.3702186942100525,
          -1.692346771505404
        ],
        [
          -0.4016624391078949,
          0.3552023769346704,
          -0.8440962433427137,
          -1.1756984705231064
        ],
        [
          2.0710380823110864e-10,
          0.9217160343768638,
          0.3878653944382762,
          0.6061620067782199
        ],
        [
          0.0,
          0.0,
          0.0,
          1.0
        ]
      ]
    },
    {
      "file_path": "./017.exr",
      "transform_matrix": [
        [
          -0.9801403880119324,
          -0.17519064247608185,
          0.09291427582502365,
          0.48584979913801957
        ],
        [
          0.19830487668514252,
          -0.8658961057194421,
          0.4592375160147052,
          -2.247355937584244
        ],
        [
          -5.87710604277623e-09,
          0.46854260572509365,
          0.8834409117239432,
          0.76276038680948
        ],
        [
          0.0,
          0.0,
          0.0,
          1.0
        ]
      ]
    },
    {
      "file_path": "./018.exr",
      "transform_matrix": [
        [
          0.6761926412582397,
          0.21420900523662567,
          -0.7048957347869873,
          -0.6347837079818962
        ],
        [
          -0.736724853515625,
          0.19660875210793247,
          -0.6469787358946912,
          -1.6703530141626033
        ],
        [
          -6.425776788378419e-10,
          0.9567964672845689,
          0.2907584906271368,
          0.43921958160248964
        ],
        [
          0.0,
          0.0,
          0.0,
          1.0
        ]
      ]
    },
    {
      "file_path": "./019.exr",
      "transform_matrix": [
        [
          0.9890924692153931,
          -0.07485733181238174,
          -0.12685608863830566,
          -1.8521539139544405
        ],
        [
          -0.14729590713977814,
          -0.5026671289536411,
          -0.8518389463932893,
          -0.9842941471827572
        ],
        [
          2.909915682800406e-09,
          0.8612328768279156,
          -0.5082104205233366,
          0.7189598418084163
        ],
        [
          0.0,
          0.0,
          0.0,
          1.0
        ]
      ]
    },
    {
      "file_path": "./020.exr",
      "transform_matrix": [
        [
          0.9973551630973816,
          0.06029650196433067,
          0.04058362543582916,
          -0.2549886410358222
        ],
        [
          0.07268217206001282,
          -0.8273971676268106,
          -0.5568942428464785,
          -1.7100619186046584
        ],
        [
          -1.6640362738871034e-09,
          0.5583711267345036,
          -0.8295913338104299,
          0.5267450953222839
        ],
        [
          0.0,
          0.0,
          0.0,
          1.0
        ]
      ]
    },
    {
      "file_path": "./021.exr",
      "transform_matrix": [
        [
          0.9719566106796265,
          -0.19536040723323822,
          0.13089916110038757,
          -1.2322736671585819
        ],
        [
          0.23516011238098145,
          0.8074576855262449,
          -0.5410284399155513,
          -1.403830171121046
        ],
        [
          2.6872196227740955e-09,
          0.5566384195473976,
          0.8307548165862378,
          0.4038995494667203
        ],
        [
          0.0,
          0.0,
          0.0,
          1.0
        ]
      ]
    },
    {
      "file_path": "./022.exr",
      "transform_matrix": [
        [
          -0.6882020235061646,
          0.026232251897454262,
          0.7250447273254395,
          0.4356784326270736
        ],
        [
          0.7255191206932068,
          0.02488299655476956,
          0.6877520084344947,
          -2.126364365128384
        ],
        [
          -1.7335794826220776e-10,
          0.9993461370443256,
          -0.036156527766815216,
          0.6441439384778029
        ],
        [
          0.0,
          0.0,
          0.0,
          1.0
        ]
      ]
    },
    {
      "file_path": "./023.exr",
      "transform_matrix": [
        [
          0.8542006611824036,
          0.4695037603378296,
          0.22339987754821777,
          -0.03882317830685452
        ],
        [
          0.5199435353279114,
          -0.7713345288800685,
          -0.36701738843411,
          -1.762739779671423
        ],
        [
          9.313638355974368e-09,
          0.4296618104752353,
          -0.9029899239173083,
          0.6598028868450176
        ],
        [
          0.0,
          0.0,
          0.0,
          1.0
        ]
      ]
    },
    {
      "file_path": "./024.exr",
      "transform_matrix": [
        [
          0.2269860804080963,
          0.4204341173171997,
          -0.8784716725349426,
          -1.3622642110061394
        ],
        [
          -0.9738979935646057,
          0.09799044588287663,
          -0.20474509890530845,
          -1.2730549943014415
        ],
        [
          -1.479801391686673e-10,
          0.9020160436532259,
          0.4317024350371066,
          0.5552312513540651
        ],
        [
          0.0,
          0.0,
          0.0,
          1.0
        ]
      ]
    },
    {
      "file_path": "./025.exr",
      "transform_matrix": [
        [
          -0.9599442481994629,
          0.24349364638328552,
          -0.13862888514995575,
          0.3637028926828702
        ],
        [
          -0.28019121289253235,
          -0.8342171310883714,
          0.4749470652018776,
          -2.105332612329344
        ],
        [
          3.0749325118680295e-09,
          0.4947652817606678,
          0.8690266608716948,
          0.4919353673025932
        ],
        [
          0.0,
          0.0,
          0.0,
          1.0
        ]
      ]
    },
    {
      "file_path": "./026.exr",
      "transform_matrix": [
        [
          0.08977712690830231,
          -0.4006310701370239,
          -0.911830484867096,
          -0.35957016730100744
        ],
        [
          -0.9959618449211121,
          -0.03611333659076688,
          -0.08219343427865938,
          -1.9524706615682448
        ],
        [
          2.3195688428853494e-09,
          0.9155275225675457,
          -0.4022554159082235,
          0.5009137766796594
        ],
        [
          0.0,
          0.0,
          0.0,
          1.0
        ]
      ]
    },
    {
      "file_path": "./027.exr",
      "transform_matrix": [
        [
          0.28225716948509216,
          -0.29256340861320496,
          -0.9136397242546082,
          0.2250050494430158
        ],
        [
          -0.9593387842178345,
          -0.08607816686643352,
          -0.26881155374715593,
          -2.01839106686092
        ],
        [
          5.177582118288324e-10,
          0.9523639679041156,
          -0.30496358868771845,
          0.4973670874561959
        ],
        [
          0.0,
          0.0,
          0.0,
          1.0
        ]
      ]
    },
    {
      "file_path": "./028.exr",
      "transform_matrix": [
        [
          -0.46640270948410034,
          0.47785741090774536,
          -0.7443929314613342,
          -0.10477510937884649
        ],
        [
          -0.8845725059509277,
          -0.25195673099685606,
          0.3924911320749716,
          -1.734540125860441
        ],
        [
          -1.34105686391761e-08,
          0.841528475309772,
          0.5402128100002711,
          0.293579999689502
        ],
        [
          0.0,
          0.0,
          0.0,
          1.0
        ]
      ]
    },
    {
      "file_path": "./029.exr",
      "transform_matrix": [
        [
          -0.11464366316795349,
          0.7629307508468628,
          -0.6362338662147522,
          0.43244618183559436
        ],
        [
          -0.9934067130088806,
          -0.08804568641933752,
          0.07342428721716886,
          -2.1306359522058607
        ],
        [
          -8.971164595038151e-10,
          0.6404565572826694,
          0.7679943442271241,
          0.6415894139155719
        ],
        [
          0.0,
          0.0,
          0.0,
          1.0
        ]
      ]
    },
    {
      "file_path": "./030.exr",
      "transform_matrix": [
        [
          -0.8598378896713257,
          0.3278111219406128,
          -0.3914315402507782,
          0.21048034630915327
        ],
        [
          -0.5105671286582947,
          -0.5520614384838198,
          0.6592035890267602,
          -2.007929502197567
        ],
        [
          -7.525353892909303e-09,
          0.7666602731303099,
          0.6420528888043189,
          0.4519471397521125
        ],
        [
          0.0,
          0.0,
          0.0,
          1.0
        ]
      ]
    },
    {
      "file_path": "./031.exr",
      "transform_matrix": [
        [
          -0.9157065153121948,
          0.374725341796875,
          0.14512918889522552,
          -1.5690831579463347
        ],
        [
          0.4018477201461792,
          0.8539017439249704,
          0.3307117520830342,
          -1.2216846727186785
        ],
        [
          3.975359566145135e-09,
          0.3611547350029582,
          -0.9325059056612756,
          0.7348630369940755
        ],
        [
          0.0,
          0.0,
          0.0,
          1.0
        ]
      ]
    },
    {
      "file_path": "./032.exr",
      "transform_matrix": [
        [
          0.11196547746658325,
          0.20842225849628448,
          -0.9716088771820068,
          -0.17683594060319974
        ],
        [
          -0.9937121272087097,
          0.02348376261534715,
          -0.10947502402353959,
          -1.7282071897637759
        ],
        [
          2.39221463440512e-10,
          0.9777569174743057,
          0.20974110067985466,
          0.4931585128922446
        ],
        [
          0.0,
          0.0,
          0.0,
          1.0
        ]
      ]
    },
    {
      "file_path": "./033.exr",
      "transform_matrix": [
        [
          0.6818228363990784,
          0.4647320806980133,
          -0.5649263262748718,
          -1.0381649937793083
        ],
        [
          -0.7315173745155334,
          0.43316122897241405,
          -0.5265489219983903,
          -1.4294300405957905
        ],
        [
          7.540256011748084e-09,
          0.772266387896137,
          0.6352987886001707,
          0.6789528471091922
        ],
        [
          0.0,
          0.0,
          0.0,
          1.0
        ]
      ]
    },
    {
      "file_path": "./034.exr",
      "transform_matrix": [
        [
          -0.5801994204521179,
          0.5503578186035156,
          -0.6003955602645874,
          -1.2034664397453354
        ],
        [
          -0.8144744634628296,
          -0.3920532464243922,
          0.42769813544354873,
          -1.4423275179915174
        ],
        [
          1.1287013705755271e-08,
          0.7371570468340967,
          0.6757214664985205,
          0.5841456976487639
        ],
        [
          0.0,
          0.0,
          0.0,
          1.0
        ]
      ]
    },
    {
      "file_path": "./035.exr",
      "transform_matrix": [
        [
          0.5216155052185059,
          0.6044651865959167,
          -0.6021121740341187,
          -1.7913670604973786
        ],
        [
          -0.8531807065010071,
          0.36955645687484817,
          -0.36811786882945063,
          -1.1063284114265117
        ],
        [
          -1.653555904135744e-08,
          0.7057264446842663,
          0.7084844112764358,
          0.4825306574778072
        ],
        [
          0.0,
          0.0,
          0.0,
          1.0
        ]
      ]
    },
    {
      "file_path": "./036.exr",
      "transform_matrix": [
        [
          -0.5027250051498413,
          -0.4347229301929474,
          -0.7471837401390076,
          -0.9359268122717442
        ],
        [
          -0.8644464015960693,
          0.252816230145105,
          0.43453004951216506,
          -1.452613037717902
        ],
        [
          9.33890655506149e-09,
          0.8643494248137381,
          -0.5028917193847311,
          0.5205845755816716
        ],
        [
          0.0,
          0.0,
          0.0,
          1.0
        ]
      ]
    },
    {
      "file_path": "./037.exr",
      "transform_matrix": [
        [
          0.5527791976928711,
          0.06143259257078171,
          0.8310602903366089,
          -0.797905232121184
        ],
        [
          0.8333277106285095,
          -0.04075066362779398,
          -0.5512750744893361,
          -1.357910688072474
        ],
        [
          -1.3189936848864504e-09,
          0.9972790479700785,
          -0.07371960574836217,
          0.42942505245936213
        ],
        [
          0.0,
          0.0,
          0.0,
          1.0
        ]
      ]
    },
    {
      "file_path": "./038.exr",
      "transform_matrix": [
        [
          -0.007916046306490898,
          -0.15015855431556702,
          -0.9886302351951599,
          -1.9745683603492
        ],
        [
          -0.9999687075614929,
          0.0011886994877426825,
          0.007826288215700855,
          -1.2415498156394584
        ],
        [
          1.3001682389321844e-10,
          0.9886611700056794,
          -0.1501632630832869,
          0.5091933125288044
        ],
        [
          0.0,
          0.0,
          0.0,
          1.0
        ]
      ]
    },
    {
      "file_path": "./039.exr",
      "transform_matrix": [
        [
          0.016355106607079506,
          -0.6294350624084473,
          -0.7768809199333191,
          -1.1204714692944526
        ],
        [
          -0.999866247177124,
          -0.010295854803707342,
          -0.012707670282194506,
          -1.2530955081640767
        ],
        [
          8.431712024312009e-10,
          0.7769848108301922,
          -0.6295192837702441,
          0.5798565138612438
        ],
        [
          0.0,
          0.0,
          0.0,
          1.0
        ]
      ]
    },
    {
      "file_path": "./040.exr",
      "transform_matrix": [
        [
          -0.7643611431121826,
          -0.5164433121681213,
          0.38605475425720215,
          -1.0651258561608754
        ],
        [
          0.6447883248329163,
          -0.612215220868319,
          0.4576467276420457,
          -1.3633005039040151
        ],
        [
          4.818477423735478e-09,
          0.5987310410158113,
          0.8009501695175287,
          0.5765043636736942
        ],
        [
          0.0,
          0.0,
          0.0,
          1.0
        ]
      ]
    },
    {
      "file_path": "./041.exr",
      "transform_matrix": [
        [
          0.782315194606781,
          -0.45895838737487793,
          0.42111775279045105,
          0.23055840527130864
        ],
        [
          0.6228827834129333,
          0.5764328838070794,
          -0.5289065837123278,
          -2.014444569855141
        ],
        [
          9.248248058404885e-09,
          0.6760786771197859,
          0.7368295193247413,
          0.7262646147703766
        ],
        [
          0.0,
          0.0,
          0.0,
          1.0
        ]
      ]
    },
    {
      "file_path": "./042.exr",
      "transform_matrix": [
        [
          0.818999707698822,
          -0.18881762027740479,
          -0.5418369770050049,
          -1.0812196886488763
        ],
        [
          -0.5737938284873962,
          -0.2695071994314025,
          -0.7733863592476896,
          -1.3848257444173067
        ],
        [
          5.6871586969981144e-09,
          0.9443060159952735,
          -0.3290687202633901,
          0.5822415483542887
        ],
        [
          0.0,
          0.0,
          0.0,
          1.0
        ]
      ]
    },
    {
      "file_path": "./043.exr",
      "transform_matrix": [
        [
          -0.876185953617096,
          0.0024904143065214157,
          -0.48196670413017273,
          -0.6752193050643558
        ],
        [
          -0.48197314143180847,
          -0.004527360566544572,
          0.8761743307118814,
          -1.651802589911323
        ],
        [
          1.13538273000031e-10,
          0.9999866485600231,
          0.005167122377009587,
          0.5020467928821047
        ],
        [
          0.0,
          0.0,
          0.0,
          1.0
        ]
      ]
    },
    {
      "file_path": "./044.exr",
      "transform_matrix": [
        [
          -0.9437224864959717,
          -0.25041019916534424,
          -0.21606159210205078,
          -1.0444468175152122
        ],
        [
          -0.330738365650177,
          0.7145156264958386,
          0.616505920811281,
          -1.4317365727831326
        ],
        [
          2.7784058010636356e-09,
          0.6532703637362266,
          -0.7571247220655873,
          0.47679811586133786
        ],
        [
          0.0,
          0.0,
          0.0,
          1.0
        ]
      ]
    },
    {
      "file_path": "./045.exr",
      "transform_matrix": [
        [
          -0.9822746515274048,
          0.07807664573192596,
          -0.1704128384590149,
          -1.5275593362094106
        ],
        [
          -0.18744732439517975,
          -0.40914273252932687,
          0.8930093646466025,
          -1.1396538917147236
        ],
        [
          -3.6650933894456254e-09,
          0.9091238975934045,
          0.416525810867654,
          0.6620299021936847
        ],
        [
          0.0,
          0.0,
          0.0,
          1.0
        ]
      ]
    },
    {
      "file_path": "./046.exr",
      "transform_matrix": [
        [
          -0.6582616567611694,
          -0.7275018095970154,
          0.1934753954410553,
          -1.7574215992023874
        ],
        [
          0.7527891993522644,
          -0.6361495852213387,
          0.16918073604234243,
          -1.212941107010085
        ],
        [
          9.406026748991967e-10,
          0.2570113838355113,
          0.966408371908436,
          0.38044546184982825
        ],
        [
          0.0,
          0.0,
          0.0,
          1.0
        ]
      ]
    },
    {
      "file_path": "./047.exr",
      "transform_matrix": [
        [
          0.49256283044815063,
          -0.8059250116348267,
          0.32843083143234253,
          -1.5294142069588725
        ],
        [
          0.870276927947998,
          0.45614066723782715,
          -0.18588659158029175,
          -1.305950350593767
        ],
        [
          -1.6188624200557258e-08,
          0.37738659973351496,
          0.9260558486170689,
          0.6552952465451246
        ],
        [
          0.0,
          0.0,
          0.0,
          1.0
        ]
      ]
    },
    {
      "file_path": "./048.exr",
      "transform_matrix": [
        [
          0.9870732426643372,
          0.0393194742500782,
          -0.155371755361557,
          -0.9639624384241291
        ],
        [
          -0.16026978194713593,
          0.24216169128575615,
          -0.9569071531050444,
          -1.5897114743698109
        ],
        [
          -1.4250576054757964e-09,
          0.969438850855453,
          0.2453330458167448,
          0.5192429741919264
        ],
        [
          0.0,
          0.0,
          0.0,
          1.0
        ]
      ]
    },
    {
      "file_path": "./049.exr",
      "transform_matrix": [
        [
          -0.9419233798980713,
          0.006042056251317263,
          0.3357735276222229,
          -1.565796517381512
        ],
        [
          0.33582788705825806,
          0.016946639965620652,
          0.9417709112149367,
          -1.3479522873189789
        ],
        [
          3.6424170408376597e-10,
          0.9998381733877402,
          -0.017991526146532866,
          0.5755084923846274
        ],
        [
          0.0,
          0.0,
          0.0,
          1.0
        ]
      ]
    },
    {
      "file_path": "./050.exr",
      "transform_matrix": [
        [
          -0.6915914416313171,
          -0.3697977364063263,
          0.620444118976593,
          -0.41861174891342945
        ],
        [
          0.7222889065742493,
          -0.35408121338837395,
          0.594075083783803,
          -1.6443684365061517
        ],
        [
          -1.3965877794667132e-08,
          0.8589971661921769,
          0.5119803547265117,
          0.4520587675073889
        ],
        [
          0.0,
          0.0,
          0.0,
          1.0
        ]
      ]
    },
    {
      "file_path": "./051.exr",
      "transform_matrix": [
        [
          -0.32656651735305786,
          0.3097974359989166,
          0.892961323261261,
          -0.05437442500986275
        ],
        [
          0.9451742172241211,
          0.10703790942341337,
          0.3085264563232718,
          -2.07401487156647
        ],
        [
          -1.7511122908307042e-09,
          0.9447583556068194,
          -0.32776755097613464,
          0.7312930546679861
        ],
        [
          0.0,
          0.0,
          0.0,
          1.0
        ]
      ]
    },
    {
      "file_path": "./052.exr",
      "transform_matrix": [
        [
          0.8999608755111694,
          -0.05622712895274162,
          0.4323296546936035,
          -0.3313590814565668
        ],
        [
          0.435970664024353,
          0.1160679386057681,
          -0.8924448490013852,
          -1.886568048028442
        ],
        [
          -2.1041918168984877e-10,
          0.9916484951856893,
          0.1289699823556706,
          0.7421930929705327
        ],
        [
          0.0,
          0.0,
          0.0,
          1.0
        ]
      ]
    },
    {
      "file_path": "./053.exr",
      "transform_matrix": [
        [
          0.9709720015525818,
          0.13122740387916565,
          0.19998179376125336,
          -1.4187548186078216
        ],
        [
          0.2391931116580963,
          -0.5326998232959097,
          -0.8117989302230144,
          -1.3772395805597235
        ],
        [
          4.388953420749444e-09,
          0.8360683918531967,
          -0.5486252903126494,
          0.6306480954757578
        ],
        [
          0.0,
          0.0,
          0.0,
          1.0
        ]
      ]
    },
    {
      "file_path": "./054.exr",
      "transform_matrix": [
        [
          -0.8024634122848511,
          0.08855704218149185,
          0.5900933742523193,
          -1.6924194992941501
        ],
        [
          0.5967013835906982,
          0.11909438679570808,
          0.7935767173618679,
          -1.241185162251451
        ],
        [
          2.671412772078628e-09,
          0.9889257550120468,
          -0.14841099091359383,
          0.5179032845892673
        ],
        [
          0.0,
          0.0,
          0.0,
          1.0
        ]
      ]
    },
    {
      "file_path": "./055.exr",
      "transform_matrix": [
        [
          0.7013293504714966,
          -0.38221409916877747,
          0.6017054319381714,
          -0.6445832312766976
        ],
        [
          0.7128373384475708,
          0.3760437072167494,
          -0.5919916033208625,
          -1.449509153046802
        ],
        [
          -8.381452293036606e-09,
          0.8440992235761346,
          0.5361869931813,
          0.3949840745871159
        ],
        [
          0.0,
          0.0,
          0.0,
          1.0
        ]
      ]
    },
    {
      "file_path": "./056.exr",
      "transform_matrix": [
        [
          -0.0484330989420414,
          -0.07340623438358307,
          0.996125340461731,
          -1.1482764266233032
        ],
        [
          0.9988263845443726,
          -0.0035594686799833336,
          0.04830212146778702,
          -1.5325210568868233
        ],
        [
          2.716524337601714e-10,
          0.9972957372668965,
          0.07349248229974285,
          0.5181705514386324
        ],
        [
          0.0,
          0.0,
          0.0,
          1.0
        ]
      ]
    },
    {
      "file_path": "./057.exr",
      "transform_matrix": [
        [
          -0.0012291844468563795,
          -0.9081540703773499,
          0.41863420605659485,
          0.29444859717327393
        ],
        [
          0.9999992847442627,
          -0.001116289715328681,
          0.0005145791545625643,
          -1.9540525690100605
        ],
        [
          -1.2571287547112367e-10,
          0.41863450407993036,
          0.9081547856330358,
          0.4761485209807173
        ],
        [
          0.0,
          0.0,
          0.0,
          1.0
        ]
      ]
    },
    {
      "file_path": "./058.exr",
      "transform_matrix": [
        [
          -0.0246451236307621,
          0.26697131991386414,
          -0.9633893370628357,
          -1.1178847166451504
        ],
        [
          -0.9996962547302246,
          -0.0065815391917949774,
          0.023750061195971943,
          -1.5158228502162694
        ],
        [
          1.9117057637581069e-10,
          0.963681995869341,
          0.26705241203070607,
          0.6715994590095418
        ],
        [
          0.0,
          0.0,
          0.0,
          1.0
        ]
      ]
    },
    {
      "file_path": "./059.exr",
      "transform_matrix": [
        [
          0.763679563999176,
          0.44815072417259216,
          0.46470901370048523,
          -1.686256677573094
        ],
        [
          0.6455954909324646,
          -0.530120730328104,
          -0.5497076512077224,
          -1.2106464360145763
        ],
        [
          4.2435747393162815e-09,
          0.7198145986133453,
          -0.694166421835288,
          0.5085771161911273
        ],
        [
          0.0,
          0.0,
          0.0,
          1.0
        ]
      ]
    },
    {
      "file_path": "./060.exr",
      "transform_matrix": [
        [
          0.9998432993888855,
          -0.014833158813416958,
          -0.009661742486059666,
          -1.7443437069582215
        ],
        [
          -0.017702313140034676,
          -0.8377907871654222,
          -0.5457043052557587,
          -1.1492094804019517
        ],
        [
          6.663636673000508e-10,
          0.5457898975256431,
          -0.837922096197871,
          0.5186554943650692
        ],
        [
          0.0,
          0.0,
          0.0,
          1.0
        ]
      ]
    },
    {
      "file_path": "./061.exr",
      "transform_matrix": [
        [
          -0.9959063529968262,
          -0.02186918631196022,
          0.08770522475242615,
          -1.4992886713234381
        ],
        [
          0.090390644967556,
          -0.24095040550065766,
          0.9663190245870298,
          -1.0874122413212428
        ],
        [
          4.783583904838043e-10,
          0.970291018510118,
          0.24194081117980396,
          0.4387463046785882
        ],
        [
          0.0,
          0.0,
          0.0,
          1.0
        ]
      ]
    },
    {
      "file_path": "./062.exr",
      "transform_matrix": [
        [
          0.670872688293457,
          0.7116795778274536,
          -0.2084275335073471,
          -1.8871002407198818
        ],
        [
          -0.7415725588798523,
          0.6438296437544551,
          -0.1885565220349972,
          -1.1169485413968443
        ],
        [
          8.241984565419609e-09,
          0.28106155985115966,
          0.9596897363851277,
          0.5346842073866371
        ],
        [
          0.0,
          0.0,
          0.0,
          1.0
        ]
      ]
    },
    {
      "file_path": "./063.exr",
      "transform_matrix": [
        [
          0.20200438797473907,
          0.17118944227695465,
          -0.9643072485923767,
          -1.0834147100755323
        ],
        [
          -0.9793846011161804,
          0.03530892739605269,
          -0.19889459012190974,
          -1.5059601193101604
        ],
        [
          1.1195077418332662e-09,
          0.9846051931345917,
          0.17479287089906273,
          0.5090917121465034
        ],
        [
          0.0,
          0.0,
          0.0,
          1.0
        ]
      ]
    },
    {
      "file_path": "./064.exr",
      "transform_matrix": [
        [
          0.4960940480232239,
          0.29022160172462463,
          -0.818328857421875,
          -1.6222275069246082
        ],
        [
          -0.8682687878608704,
          0.16582101592905668,
          -0.46756038066382505,
          -1.1737217885417075
        ],
        [
          -7.747100876342526e-11,
          0.942483365519154,
          0.33425319199469306,
          0.49814184901396846
        ],
        [
          0.0,
          0.0,
          0.0,
          1.0
        ]
      ]
    },
    {
      "file_path": "./065.exr",
      "transform_matrix": [
        [
          0.9218923449516296,
          -0.2758769989013672,
          0.2720411717891693,
          0.07328882472068274
        ],
        [
          0.38744616508483887,
          0.656423807214379,
          -0.6472968458417294,
          -2.002933290380009
        ],
        [
          -2.625364331596716e-08,
          0.702139317923707,
          0.7120395899466266,
          0.5774423727340355
        ],
        [
          0.0,
          0.0,
          0.0,
          1.0
        ]
      ]
    },
    {
      "file_path": "./066.exr",
      "transform_matrix": [
        [
          0.7361866235733032,
          -0.035587191581726074,
          0.67584228515625,
          -1.2764390995228003
        ],
        [
          0.6767786145210266,
          0.03871105993839507,
          -0.7351681590027678,
          -1.2885524901359797
        ],
        [
          -1.0903691320586638e-09,
          0.9986165761908921,
          0.052583213969076135,
          0.5490962487940952
        ],
        [
          0.0,
          0.0,
          0.0,
          1.0
        ]
      ]
    },
    {
      "file_path": "./067.exr",
      "transform_matrix": [
        [
          -0.746124267578125,
